-1.5708 0 
-1.56767 0.124797 
-1.55836 0.246791 
-1.54308 0.363243 
-1.52218 0.471541 
-1.49611 0.569263 
-1.46546 0.654239 
-1.43093 0.724605 
-1.39327 0.778861 
-1.35333 0.815903 
-1.31198 0.835057 
-1.27692 0.564837 
-1.2557 0.282464 
-1.24877 -0.00594866 
-1.25629 -0.294234 
-1.27809 -0.576228 
-1.31371 -0.845818 
-1.35874 -0.952136 
-1.40857 -1.03755 
-1.46211 -1.09996 
-1.51816 -1.13783 
-1.57546 -1.15018 
-1.63274 -1.13671 
-1.68871 -1.09777 
-1.73899 -0.909725 
-1.77935 -0.701533 
-1.80889 -0.47792 
-1.82697 -0.243869 
-1.83319 -0.0045158 
-1.82742 0.234935 
-1.80978 0.469279 
-1.78237 0.625137 
-1.74749 0.767264 
-1.70592 0.892424 
-1.65858 0.997725 
-1.60652 1.08071 
-1.55092 1.13944 
-1.49301 1.17259 
-1.43409 1.1795 
-1.37549 1.16018 
-1.31742 1.15855 
-1.26006 1.13175 
-1.20465 1.08074 
-1.15236 1.00707 
-1.10429 0.91272 
-1.0614 0.800053 
-1.02454 0.671686 
-0.994443 0.530413 
-0.971669 0.379139 
-0.956647 0.220821 
-0.953761 -0.105567 
-0.967171 -0.430016 
-0.99827 -0.812014 
-1.04812 -1.17864 
-1.11345 -1.43049 
-1.19068 -1.65349 
-1.28039 -1.92857 
-1.38285 -2.16213 
-1.49581 -2.34802 
-1.61677 -2.48138 
-1.73849 -2.37832 
-1.85373 -2.22264 
-1.95996 -2.01905 
-2.05493 -1.77348 
-2.13672 -1.49262 
-2.20372 -1.18341 
-2.2547 -0.852695 
-2.28874 -0.507086 
-2.30527 -0.152864 
-2.30399 0.203917 
-2.28269 0.64666 
-2.23951 1.07835 
-2.17518 1.49096 
-2.09087 1.87592 
-1.98819 2.22425 
-1.86921 2.52687 
-1.73641 2.77526 
-1.59271 2.96225 
-1.4413 3.08284 
-1.28557 3.13493 
-1.13371 2.92877 
-0.993682 2.66303 
-0.865208 2.46822 
-0.747564 2.23116 
-0.642661 1.95993 
-0.552013 1.66219 
-0.47677 1.34475 
-0.41777 1.01334 
-0.375591 0.672591 
-0.350604 0.326238 
-0.345555 -0.124389 
-0.363027 -0.574054 
-0.402883 -1.01907 
-0.464783 -1.45498 
-0.548135 -1.87609 
-0.652024 -2.27505 
-0.775122 -2.64283 
-0.915612 -2.96892 
-1.07113 -3.24207 
-1.23535 -3.31531 
-1.40151 -3.31921 
-1.56604 -3.24981 
-1.73127 -3.34684 
-1.89949 -3.36986 
-2.06478 -3.23029 
-2.22271 -3.07708 
-2.37157 -2.86892 
-2.50799 -2.58139 
-2.62914 -2.25938 
-2.73352 -1.9123 
-2.82008 -1.548 
-2.88687 -1.12195 
-2.93217 -0.689421 
-2.95575 -0.253582 
-2.95751 0.183342 
-2.93743 0.619488 
-2.89561 1.05274 
-2.83225 1.4801 
-2.74777 1.89716 
-2.64445 2.23208 
-2.52496 2.54292 
-2.39072 2.82058 
-2.24363 3.05492 
-2.08612 3.23557 
-1.91949 3.41806 
-1.74551 3.52852 
-1.56794 3.56113 
-1.39073 3.51398 
-1.21784 3.38937 
-1.05299 3.19344 
-0.899532 2.93521 
-0.760328 2.62528 
-0.637683 2.27459 
-0.530376 2.01328 
-0.436738 1.72896 
-0.357755 1.42808 
-0.294118 1.11585 
-0.246539 0.786354 
-0.215555 0.452468 
-0.201329 0.116364 
-0.203928 -0.220274 
-0.22273 -0.531535 
-0.257037 -0.840111 
-0.306661 -1.14382 
-0.37519 -1.59565 
-0.466005 -2.03417 
-0.578262 -2.45193 
-0.710694 -2.83938 
-0.861504 -3.18505 
-1.02957 -3.52756 
-1.21313 -3.80217 
-1.40846 -3.99694 
-1.61135 -4.10339 
-1.81727 -4.11808 
-2.02166 -4.04339 
-2.22024 -3.88717 
-2.4054 -3.50897 
-2.57026 -3.07767 
-2.71254 -2.6087 
-2.83386 -2.2406 
-2.93635 -1.85702 
-3.01942 -1.46475 
-3.08104 -0.999828 
-3.11937 -0.533417 
-3.13438 -0.0666701 
-3.12604 0.400097 
-3.09437 0.866671 
-3.03939 1.33221 
-2.95795 1.92463 
-2.84706 2.50884 
-2.70734 3.0763 
-2.53992 3.61429 
-2.34668 4.10599 
-2.13042 4.5317 
-1.89495 4.87124 
-1.64508 5.10515 
-1.38634 5.22532 
-1.12447 5.23079 
-0.865019 5.13085 
-0.612842 4.94351 
-0.371733 4.69233 
-0.14425 4.40268 
0.0681435 4.09245 
0.265096 3.78812 
0.447325 3.50577 
0.616433 3.26499 
0.769437 2.86252 
0.90343 2.50463 
1.01984 2.15893 
1.12091 1.89048 
1.20953 1.66032 
1.28752 1.46511 
1.35656 1.30157 
1.41816 1.16668 
1.47211 0.995559 
1.51809 0.846763 
1.55711 0.717024 
1.59006 0.603444 
1.61768 0.503465 
1.64059 0.414822 
1.65932 0.335508 
1.67427 0.263727 
1.68579 0.19786 
1.69413 0.136424 
1.69978 0.0901568 
1.70318 0.0459048 
1.70439 0.00267858 
1.70345 -0.0404878 
1.70033 -0.0845589 
1.69496 -0.13052 
1.68972 -0.0796039 
1.68697 -0.0304691 
1.68666 0.0179836 
1.68877 0.0668388 
1.691 0.0225787 
1.69133 -0.00948265 
1.69099 -0.0043628 
1.69035 -0.0211318 
1.68965 -0.00698848 
1.68965 0.0069984 
1.69035 0.0211419 
1.69177 0.0357586 
1.69394 0.0511755 
1.69691 0.0677371 
1.70074 0.0858135 
1.70283 -0.00218773 
1.70052 -0.0902379 
1.69377 -0.180305 
1.68817 -0.0440294 
1.68701 -0.00232865 
1.68706 0.00434962 
1.68745 0.0111253 
1.68818 0.01815 
1.68927 0.0255811 
1.69075 0.0335847 
1.69264 0.04234 
1.695 0.0520426 
1.69787 0.0629093 
1.70131 0.0751826 
1.70541 0.0891362 
1.70871 0.0428274 
1.70971 -0.00252512 
1.70845 -0.047934 
1.7049 -0.0944133 
1.69904 -0.140429 
1.6935 -0.0815448 
1.69086 -0.0244848 
1.68913 -0.0447742 
1.68636 -0.0660658 
1.6825 -0.0888368 
1.67744 -0.113598 
1.67109 -0.140905 
1.6633 -0.171373 
1.65389 -0.205688 
1.64266 -0.244623 
1.62934 -0.289059 
1.61612 -0.240476 
1.6052 -0.197308 
1.59632 -0.158586 
1.58928 -0.123437 
1.58393 -0.09107 
1.58014 -0.0607559 
1.57783 -0.0318113 
1.57695 -0.00358373 

