-1.5708 0 
-1.57367 -0.11458 
-1.58221 -0.226588 
-1.59624 -0.333507 
-1.61544 -0.432939 
-1.63937 -0.522658 
-1.66751 -0.600669 
-1.69921 -0.665256 
-1.73379 -0.715027 
-1.77045 -0.748956 
-1.80841 -0.766402 
-1.84265 -0.600927 
-1.86828 -0.422444 
-1.88475 -0.234884 
-1.89169 -0.0423027 
-1.88896 0.151181 
-1.87662 0.341437 
-1.85494 0.524375 
-1.82437 0.696002 
-1.78559 0.85249 
-1.73883 1.01432 
-1.68453 1.15368 
-1.6239 1.26731 
-1.55828 1.35252 
-1.48915 1.40738 
-1.41806 1.43074 
-1.3466 1.42236 
-1.27546 1.41818 
-1.20529 1.38353 
-1.13759 1.31987 
-1.07376 1.22929 
-1.01507 1.11443 
-0.966779 0.814121 
-0.933908 0.498717 
-0.917058 0.174279 
-0.916532 -0.153276 
-0.93234 -0.478091 
-0.964197 -0.794256 
-1.0091 -0.999244 
-1.06833 -1.366 
-1.14526 -1.70581 
-1.23833 -2.01068 
-1.34561 -2.27285 
-1.46479 -2.48528 
-1.59321 -2.64227 
-1.72802 -2.74001 
-1.8662 -2.77709 
-2.00496 -2.76337 
-2.14151 -2.68985 
-2.2731 -2.56552 
-2.39733 -2.39718 
-2.5122 -2.1923 
-2.61608 -1.95834 
-2.70767 -1.70219 
-2.78603 -1.42985 
-2.85047 -1.14622 
-2.90053 -0.855101 
-2.9359 -0.559323 
-2.95388 -0.159506 
-2.94966 0.327959 
-2.92111 0.813973 
-2.86834 1.29588 
-2.79165 1.76975 
-2.69159 2.22977 
-2.56904 2.66776 
-2.42536 3.07304 
-2.26003 3.53129 
-2.07325 3.9282 
-1.87034 4.1742 
-1.65533 4.41029 
-1.43096 4.54806 
-1.20221 4.58514 
-0.97404 4.52656 
-0.755203 4.21446 
-0.553677 3.83739 
-0.372223 3.41473 
-0.212672 2.96384 
-0.076077 2.49852 
0.0371051 2.02861 
0.126809 1.56012 
0.193189 1.09587 
0.236474 0.636214 
0.256866 0.179833 
0.25819 -0.126853 
0.244168 -0.434258 
0.214725 -0.743989 
0.169711 -1.05722 
0.108936 -1.37439 
0.0322174 -1.69478 
-0.0605611 -2.01626 
-0.169361 -2.33481 
-0.293893 -2.64431 
-0.436081 -3.03942 
-0.597351 -3.40542 
-0.775904 -3.72821 
-0.969193 -3.99227 
-1.1739 -4.18249 
-1.386 -4.28632 
-1.60096 -4.29586 
-1.81398 -4.20935 
-2.02053 -4.03809 
-2.21643 -3.78531 
-2.39793 -3.46463 
-2.56201 -3.09113 
-2.70641 -2.67936 
-2.82952 -2.24195 
-2.93034 -1.78881 
-3.00826 -1.32701 
-3.06297 -0.861079 
-3.09434 -0.393511 
-3.09946 0.188678 
-3.07548 0.770658 
-3.02242 1.35137 
-2.9404 1.92824 
-2.82974 2.49616 
-2.69108 3.0465 
-2.52559 3.56666 
-2.33519 4.04023 
-2.12266 4.44814 
-1.89222 4.75409 
-1.64809 4.99298 
-1.39478 5.12063 
-1.13791 5.13569 
-0.88295 5.04658 
-0.63471 4.87021 
-0.39701 4.62902 
-0.172481 4.34746 
0.0374526 4.04882 
0.232455 3.75325 
0.406138 3.19816 
0.55274 2.67101 
0.676671 2.29159 
0.782436 1.94429 
0.871613 1.62771 
0.949275 1.48337 
1.0204 1.36615 
1.08633 1.27515 
1.14834 1.20956 
1.2077 1.16881 
1.26563 1.15269 
1.32338 1.16134 
1.38219 1.19536 
1.43952 1.10221 
1.49282 1.03369 
1.54008 0.860357 
1.57918 0.706409 
1.61099 0.568383 
1.63623 0.443159 
1.65547 0.327904 
1.66914 0.220014 
1.67755 0.117061 
1.68089 0.0167323 
1.67923 -0.0832217 
1.67254 -0.185041 
1.66374 -0.167462 
1.65573 -0.153642 
1.64832 -0.143273 
1.64135 -0.136124 
1.63495 -0.120384 
1.62927 -0.107353 
1.62417 -0.096737 
1.61956 -0.0882988 
1.61531 -0.0818488 
1.61134 -0.0772419 
1.60756 -0.0743748 
1.60387 -0.0731832 
1.60021 -0.0736403 
1.59648 -0.0757568 
1.59574 0.0460108 
1.5979 0.0406182 
1.59982 0.0361408 
1.60153 0.0324779 
1.60292 0.0232057 
1.60386 0.0144563 
1.60437 0.00603269 
1.60446 -0.00225504 

