-1.5708 0 
-1.57439 -0.14364 
-1.58511 -0.284054 
-1.60269 -0.418089 
-1.62676 -0.542741 
-1.65676 -0.655225 
-1.69204 -0.753051 
-1.73179 -0.834093 
-1.77514 -0.896651 
-1.82124 -0.944128 
-1.86921 -0.971068 
-1.918 -0.977167 
-1.96658 -0.962633 
-2.01393 -0.928149 
-2.05908 -0.874829 
-2.09626 -0.609715 
-2.11986 -0.33273 
-2.12942 -0.0493558 
-2.12477 0.234961 
-2.106 0.514779 
-2.07346 0.784631 
-2.0278 1.03901 
-1.96991 1.27242 
-1.90099 1.47948 
-1.82249 1.65509 
-1.73363 1.89255 
-1.63393 2.08808 
-1.52561 2.23684 
-1.41109 2.33548 
-1.29505 2.29758 
-1.18216 2.21007 
-1.075 2.069 
-0.975937 1.88704 
-0.886879 1.66994 
-0.809429 1.42371 
-0.744895 1.15425 
-0.694298 0.867154 
-0.658388 0.567535 
-0.637675 0.260074 
-0.632439 -0.0508854 
-0.642752 -0.361165 
-0.669724 -0.716483 
-0.714233 -1.06175 
-0.775638 -1.39132 
-0.852999 -1.69892 
-0.945049 -1.97768 
-1.05017 -2.22039 
-1.16637 -2.4198 
-1.29361 -2.66082 
-1.43285 -2.89869 
-1.5824 -3.07217 
-1.73892 -3.1768 
-1.89891 -3.21124 
-2.0589 -3.17756 
-2.21561 -3.08093 
-2.36568 -2.91335 
-2.50618 -2.69989 
-2.63507 -2.45033 
-2.75077 -2.17392 
-2.85215 -1.87875 
-2.93844 -1.57138 
-3.00917 -1.25674 
-3.06405 -0.938264 
-3.09893 -0.4565 
-3.1097 0.0257643 
-3.09635 0.508006 
-3.05891 0.989663 
-2.99742 1.46935 
-2.91205 1.94409 
-2.80124 2.48588 
-2.66378 3.00868 
-2.5009 3.50006 
-2.31456 3.94417 
-2.10757 4.32297 
-1.88365 4.61843 
-1.64723 4.82124 
-1.40332 4.9166 
-1.15738 4.90364 
-0.914637 4.79028 
-0.679768 4.59192 
-0.456526 4.32875 
-0.246849 4.05297 
-0.0516034 3.75467 
0.128543 3.45172 
0.293731 3.15841 
0.444724 2.8854 
0.582735 2.64011 
0.709278 2.42735 
0.823953 2.16561 
0.926435 1.93955 
1.01849 1.74833 
1.10183 1.59059 
1.17808 1.46478 
1.24881 1.36943 
1.31551 1.30335 
1.37585 1.11473 
1.42739 0.950739 
1.47128 0.807951 
1.50849 0.68328 
1.53986 0.573978 
1.5661 0.477608 
1.5878 0.392004 
1.60545 0.315235 
1.61945 0.245567 
1.63032 0.190199 
1.63854 0.139111 
1.64428 0.0911518 
1.64769 0.0452417 
1.64882 0.000348587 
1.64772 -0.0445367 
1.64435 -0.0904231 
1.63997 -0.0853791 
1.63578 -0.0822551 
1.63171 -0.0809815 
1.62765 -0.0815299 
1.62353 -0.0839132 
1.62004 -0.0558756 
1.61792 -0.0290959 
1.61712 -0.0028861 
1.61763 0.0232587 
1.61864 0.017206 
1.61936 0.0115406 
1.6198 0.0061351 
1.61997 0.000867728 
1.62001 0.000584423 

