-8 -8 0 0 0 
-7.98899 -7.9993 0.094638 0.44143 0 
-7.95882 -7.99387 0.247272 0.786007 0 
-7.9135 -7.97844 0.399906 1.13058 0 
-7.85576 -7.94842 0.55254 1.47516 0 
-7.78934 -7.89983 0.705173 1.81974 0 
-7.71886 -7.82959 0.857807 2.16432 0 
-7.64965 -7.73561 1.01044 2.50889 0 
-7.58752 -7.61697 1.16308 2.85347 0 
-7.56378 -7.47616 1.64279 2.91343 0 
-7.60861 -7.33746 2.1225 2.9734 0 
-7.65943 -7.1946 1.70626 3.13564 0 
-7.66459 -7.04894 1.50115 2.70466 0 
-7.64366 -6.92648 1.29604 2.27368 0 
-7.60616 -6.83084 1.09094 1.84269 0 
-7.56179 -6.76281 0.885829 1.41171 0 
-7.51974 -6.72042 0.680722 0.980725 0 
-7.48796 -6.69924 0.475615 0.549741 0 
-7.47368 -6.69468 0.0159284 0.0539542 0 
-7.48287 -6.69172 -0.443758 -0.441833 0 
-7.509 -6.66966 -0.903444 -0.93762 0 
-7.53304 -6.61604 -1.36313 -1.43341 0 
-7.53024 -6.53275 -1.82282 -1.92919 0 
-7.4794 -6.43758 -2.2825 -2.42498 0 
-7.39414 -6.35952 -2.52187 -2.20992 0 
-7.28988 -6.31345 -2.92411 -2.38029 0 
-7.16745 -6.31173 2.95683 -2.55065 0 
-7.04628 -6.36127 2.55458 -2.72102 0 
-6.9482 -6.46028 2.15234 -2.89138 0 
-6.89357 -6.59765 1.75009 -3.06175 0 
-6.85421 -6.73939 1.93564 -2.831 0 
-6.79447 -6.86111 2.12118 -2.60025 0 
-6.72021 -6.96049 2.30673 -2.36951 0 
-6.63738 -7.03668 2.49227 -2.13876 0 
-6.55169 -7.0902 2.67782 -1.90801 0 
-6.46834 -7.12282 2.86336 -1.67727 0 
-6.39173 -7.13737 3.04891 -1.44652 0 
-6.32527 -7.13754 -3.04873 -1.21577 0 
-6.27124 -7.12758 -2.86319 -0.985026 0 
-6.21753 -7.11142 -2.83663 -1.25867 0 
-6.15127 -7.08956 -2.81006 -1.53231 0 
-6.07273 -7.06132 -2.7835 -1.80596 0 
-5.98223 -7.02604 -2.75693 -2.0796 0 
-5.88008 -6.98307 -2.73037 -2.35324 0 
-5.76665 -6.93177 -2.70381 -2.62689 0 
-5.6423 -6.8715 -2.67724 -2.90053 0 
-5.50315 -6.8265 -2.97909 -2.97171 0 
-5.35336 -6.82485 3.00224 -3.04288 0 
-5.20646 -6.86883 2.70039 -3.11406 0 
-5.07153 -6.92392 2.80996 -2.71872 0 
-4.95039 -6.95853 2.91953 -2.32339 0 
-4.84567 -6.9764 3.0291 -1.92805 0 
-4.75935 -6.98156 3.13866 -1.53272 0 
-4.69271 -6.97829 -3.03495 -1.13738 0 
-4.64435 -6.9647 -2.68575 -0.882115 0 
-4.61381 -6.94287 -2.33655 -0.626852 0 
-4.59966 -6.92246 -1.98735 -0.371588 0 
-4.5964 -6.91077 -1.63815 -0.116324 0 
-4.59597 -6.91129 -1.28895 0.138939 0 
-4.58979 -6.92303 -0.93975 0.394203 0 
-4.57949 -6.93221 -0.447888 0.162981 0 
-4.57729 -6.93314 0.043974 -0.0682417 0 
-4.58587 -6.93619 0.535836 -0.299464 0 
-4.60012 -6.951 1.0277 -0.530686 0 
-4.60904 -6.98173 1.51956 -0.761908 0 
-4.60017 -7.02425 2.01142 -0.993131 0 
-4.56502 -7.0664 2.50329 -1.22435 0 
-4.50356 -7.09132 2.99515 -1.45558 0 
-4.42622 -7.08313 -2.79618 -1.6868 0 
-4.3492 -7.04355 -2.54011 -1.7864 0 
-4.28101 -6.98245 -2.28404 -1.886 0 
-4.22778 -6.90193 -2.02798 -1.9856 0 
-4.16983 -6.83071 -2.49076 -1.72005 0 
-4.0982 -6.79821 -2.95354 -1.45451 0 
-4.03274 -6.80054 2.86686 -1.18896 0 
-3.98672 -6.82546 2.40408 -0.923414 0 
-3.96411 -6.85747 1.9413 -0.657867 0 
-3.96 -6.88317 1.47852 -0.39232 0 
-3.96361 -6.89553 1.01574 -0.126773 0 
-3.96304 -6.89568 0.552956 0.138774 0 
-3.95494 -6.89313 0.0869217 0.203953 0 
-3.94336 -6.89496 -0.379113 0.269132 0 
-3.9312 -6.90365 -0.845147 0.334311 0 
-3.92271 -6.91973 -1.31118 0.39949 0 
-3.92227 -6.94113 -1.77722 0.464669 0 
-3.93286 -6.96338 -2.24325 0.529848 0 
-3.95486 -6.98048 -2.70928 0.595027 0 
-3.98537 -6.98651 3.10787 0.660206 0 
-4.02512 -6.97539 2.6605 1.00436 0 
-4.06914 -6.93711 2.21313 1.34851 0 
-4.09921 -6.86797 1.76577 1.69267 0 
-4.09591 -6.77556 1.3184 2.03682 0 
-4.04515 -6.67851 0.871032 2.38098 0 
-3.94379 -6.60267 0.423664 2.72513 0 
-3.80287 -6.57476 -0.0237027 3.06928 0 
-3.65213 -6.58883 -0.162973 2.99131 0 
-3.5086 -6.62278 -0.302243 2.91333 0 
-3.37479 -6.67492 -0.441513 2.83535 0 
-3.25292 -6.74322 -0.580783 2.75737 0 
-3.14481 -6.82542 -0.720053 2.6794 0 
-3.05191 -6.91907 -0.859323 2.60142 0 
-2.97151 -7.02615 -0.992948 2.75901 0 
-2.88491 -7.12616 -0.717737 2.54917 0 
-2.78315 -7.19314 -0.442526 2.33933 0 
-2.67699 -7.2268 -0.167315 2.12949 0 
-2.57613 -7.23004 0.107897 1.91965 0 
-2.48833 -7.20829 0.383108 1.70981 0 
-2.41883 -7.1687 0.658319 1.49997 0 
-2.37001 -7.11919 0.93353 1.29013 0 
-2.34149 -7.06745 1.20874 1.08029 0 
-2.33044 -7.02011 1.48395 0.870455 0 
-2.3231 -6.98418 1.23956 0.599965 0 
-2.31319 -6.96323 0.995173 0.329474 0 
-2.30718 -6.95563 0.750783 0.0589837 0 
-2.30173 -6.94712 1.15645 0.347349 0 
-2.29708 -6.92315 1.56211 0.635714 0 
-2.30503 -6.88524 1.96778 0.92408 0 
-2.33538 -6.84173 2.37344 1.21244 0 
-2.37046 -6.786 1.90557 1.44583 0 
-2.37781 -6.70893 1.43771 1.67921 0 
-2.37255 -6.62416 1.57943 1.7212 0 
-2.37948 -6.5374 1.72115 1.76318 0 
-2.39907 -6.45044 1.86288 1.80517 0 
-2.43148 -6.36516 2.0046 1.84716 0 
-2.47663 -6.28348 2.14632 1.88915 0 
-2.53412 -6.20732 2.28805 1.93113 0 
-2.60329 -6.13856 2.42977 1.97312 0 
-2.66566 -6.06932 2.17353 1.7646 0 
-2.70369 -5.99578 1.91729 1.55608 0 
-2.71959 -5.92516 1.66105 1.34756 0 
-2.71746 -5.8632 1.40481 1.13903 0 
-2.70663 -5.79664 1.41359 1.55827 0 
-2.69319 -5.70928 1.42238 1.97752 0 
-2.67751 -5.60105 1.43117 2.39676 0 
-2.65996 -5.47192 1.43996 2.816 0 
-2.63389 -5.33983 1.31005 2.57312 0 
-2.59482 -5.22373 1.18015 2.33024 0 
-2.54638 -5.12457 1.05024 2.08736 0 
-2.49221 -5.04263 0.920329 1.84447 0 
-2.43584 -4.97756 0.790421 1.60159 0 
-2.3742 -4.91116 0.85244 2.02311 0 
-2.30343 -4.82477 0.914458 2.44463 0 
-2.22581 -4.71708 0.976477 2.86616 0 
-2.17005 -4.59224 1.32999 2.63159 0 
-2.1617 -4.46745 1.6835 2.39703 0 
-2.19373 -4.35868 2.03701 2.16247 0 
-2.25445 -4.27706 2.39052 1.9279 0 
-2.32987 -4.22784 2.74403 1.69334 0 
-2.40629 -4.21033 3.09754 1.45878 0 
-2.47247 -4.21882 -2.83214 1.22422 0 
-2.52131 -4.24424 -2.47863 0.989654 0 
-2.55054 -4.27632 -2.12512 0.755091 0 
-2.56256 -4.30568 -1.77161 0.520528 0 
-2.56356 -4.32458 -1.43472 0.239779 0 
-2.56245 -4.32941 -1.09784 -0.0409696 0 
-2.56817 -4.32242 -0.760959 -0.321719 0 
-2.58244 -4.3023 -1.10639 -0.669695 0 
-2.59403 -4.26195 -1.45181 -1.01767 0 
-2.59035 -4.20278 -1.79724 -1.36565 0 
-2.56012 -4.13239 -2.14266 -1.71363 0 
-2.49611 -4.06367 -2.48809 -2.0616 0 
-2.39726 -4.01267 -2.83352 -2.40958 0 
-2.29696 -3.96862 -2.61478 -1.98115 0 
-2.22581 -3.91655 -2.39605 -1.55272 0 
-2.18168 -3.86641 -2.17732 -1.12428 0 
-2.15968 -3.82668 -1.95859 -0.695851 0 
-2.15486 -3.80206 -1.51388 -0.315666 0 
-2.1559 -3.79588 -1.06917 0.0645191 0 
-2.14701 -3.80487 -0.624461 0.444704 0 
-2.11777 -3.81655 -0.179752 0.824889 0 
-2.06751 -3.8137 0.264957 1.20507 0 
-2.00671 -3.78069 0.709666 1.58526 0 
-1.9453 -3.7182 0.873186 1.92316 0 
-1.88513 -3.63278 1.03671 2.26105 0 
-1.83229 -3.52352 1.20023 2.59895 0 
-1.79314 -3.39093 1.36375 2.93684 0 
-1.78291 -3.24018 1.6395 3.12628 0 
-1.78101 -3.09412 1.4722 2.72339 0 
-1.75846 -2.97021 1.3049 2.32049 0 
-1.72248 -2.87068 1.1376 1.9176 0 
-1.70562 -2.78664 1.62565 1.54543 0 
-1.72472 -2.7221 2.11369 1.17326 0 
-1.75879 -2.68707 2.60174 0.801094 0 
-1.7877 -2.67747 3.08979 0.428927 0 
-1.79964 -2.67903 -2.70535 0.0567587 0 
-1.79514 -2.67442 -2.2173 -0.315409 0 
-1.78611 -2.65128 -1.72926 -0.687577 0 
-1.79055 -2.60825 -1.24121 -1.05974 0 
-1.82465 -2.55686 -0.753162 -1.43191 0 
-1.8742 -2.4992 -0.964429 -1.61458 0 
-1.91493 -2.42444 -1.1757 -1.79724 0 
-1.94168 -2.33406 -1.38696 -1.9799 0 
-1.9496 -2.23099 -1.59823 -2.16257 0 
-1.93451 -2.11952 -1.80949 -2.34523 0 
-1.89331 -2.00511 -2.02076 -2.52789 0 
-1.82423 -1.89414 -2.23203 -2.71056 0 
-1.72708 -1.79356 -2.44329 -2.89322 0 
-1.6244 -1.70749 -2.44478 -2.46615 0 
-1.53797 -1.63527 -2.44627 -2.03908 0 
-1.46784 -1.57685 -2.44776 -1.61202 0 
-1.41405 -1.53217 -2.44925 -1.18495 0 
-1.37664 -1.50119 -2.45074 -0.757882 0 
-1.35566 -1.48386 -2.45223 -0.330814 0 
-1.35113 -1.48013 -2.45372 0.0962534 0 
-1.36311 -1.48996 -2.45521 0.523321 0 
-1.39162 -1.51328 -2.4567 0.950389 0 
-1.43952 -1.53995 -2.79507 1.25277 0 
-1.50836 -1.55185 -3.13343 1.55514 0 
-1.59211 -1.53782 2.81139 1.85752 0 
-1.67965 -1.48958 2.47302 2.1599 0 
-1.75629 -1.40383 2.13465 2.46228 0 
-1.8059 -1.28361 1.79628 2.76466 0 
-1.81364 -1.13872 1.45792 3.06703 0 
-1.78676 -0.998159 1.30208 2.66312 0 
-1.74524 -0.882448 1.14624 2.25921 0 
-1.69598 -0.792265 0.990406 1.8553 0 
-1.64567 -0.726779 0.834569 1.45139 0 
-1.60047 -0.683745 0.678733 1.04748 0 
-1.56578 -0.659654 0.522896 0.643564 0 
-1.54598 -0.649923 0.36706 0.239652 0 
-1.53886 -0.647739 0.192871 0.0586157 0 
-1.54046 -0.647777 0.0186816 -0.122421 0 
-1.55106 -0.646919 -0.155507 -0.303458 0 
-1.57013 -0.642065 -0.329697 -0.484494 0 
-1.59633 -0.630321 -0.503886 -0.665531 0 
-1.62761 -0.609176 -0.678075 -0.846567 0 
-1.66127 -0.576668 -0.852264 -1.0276 0 
-1.69412 -0.531521 -1.02645 -1.20864 0 
-1.71209 -0.477372 -1.482 -1.09329 0 
-1.70519 -0.426502 -1.93755 -0.977944 0 
-1.67982 -0.388591 -2.39309 -0.862595 0 
-1.64532 -0.368552 -2.84864 -0.747247 0 
-1.61123 -0.366108 2.979 -0.631899 0 
-1.58482 -0.376738 2.52345 -0.51655 0 
-1.56958 -0.39362 2.06791 -0.401202 0 
-1.56484 -0.409977 1.61236 -0.285853 0 
-1.56672 -0.421132 1.15681 -0.170505 0 
-1.5671 -0.421886 1.21454 0.136773 0 
-1.5625 -0.408115 1.27227 0.444051 0 
-1.55461 -0.379294 1.32999 0.751329 0 
-1.54517 -0.335049 1.38772 1.05861 0 
-1.53593 -0.275153 1.44545 1.36589 0 
-1.52869 -0.199533 1.50317 1.67316 0 
-1.52522 -0.108272 1.5609 1.98044 0 
-1.52732 -0.00160309 1.61863 2.28772 0 
-1.53675 0.120083 1.67635 2.595 0 
-1.55524 0.256247 1.73408 2.90228 0 
-1.5537 0.405742 1.39088 3.1073 0 
-1.52945 0.548435 1.41465 2.68237 0 
-1.51166 0.670638 1.43843 2.25743 0 
-1.49933 0.772138 1.46221 1.83249 0 
-1.49146 0.852755 1.48598 1.40755 0 
-1.48707 0.912346 1.50976 0.982617 0 
-1.49174 0.953053 1.88448 0.665872 0 
-1.50343 0.975415 2.2592 0.349127 0 
-1.51192 0.986891 2.14851 0.222208 0 
-1.51593 0.993737 2.03782 0.0952896 0 
-1.51662 0.995171 1.92713 -0.0316293 0 
-1.51527 0.990615 1.81644 -0.158548 0 
-1.51323 0.97971 1.70576 -0.285467 0 
-1.51267 0.976684 1.2999 0.165407 0 
-1.51154 0.996788 1.65882 0.643824 0 
-1.52384 1.03895 2.01774 1.12224 0 
-1.56411 1.09339 2.37667 1.60066 0 
-1.64076 1.14335 2.73559 2.07908 0 
-1.75327 1.16856 3.09451 2.55749 0 
-1.89105 1.14949 -2.82975 3.03591 0 
-2.03647 1.12572 -3.13204 2.8805 0 
-2.1747 1.14523 2.84885 2.7251 0 
-2.29387 1.20168 2.54655 2.56969 0 
-2.38515 1.2858 2.24426 2.41428 0 
-2.44338 1.38657 1.94197 2.25887 0 
-2.46728 1.49255 1.63967 2.10346 0 
-2.4794 1.60684 1.71123 2.49457 0 
-2.50309 1.73921 1.78279 2.88567 0 
-2.53494 1.87864 1.80804 2.83523 0 
-2.56968 2.01478 1.83329 2.78479 0 
-2.60716 2.14756 1.85854 2.73435 0 
-2.64723 2.27695 1.88378 2.68391 0 
-2.68975 2.4029 1.90903 2.63347 0 
-2.73456 2.52537 1.93428 2.58303 0 
-2.75547 2.65507 1.53007 2.70804 0 
-2.72218 2.78857 1.12585 2.83304 0 
-2.63533 2.90317 0.721629 2.95805 0 
-2.50501 2.97746 0.31741 3.08306 0 
-2.36243 3.02201 0.287951 2.89246 0 
-2.22777 3.05977 0.258492 2.70186 0 
-2.1013 3.09125 0.229032 2.51126 0 
-1.98328 3.11696 0.199573 2.32066 0 
-1.87391 3.13743 0.170114 2.13006 0 
-1.77341 3.1532 0.140654 1.93946 0 
-1.68194 3.1648 0.111195 1.74886 0 
-1.59965 3.17279 0.0817356 1.55826 0 
-1.52667 3.17771 0.0522763 1.36765 0 
-1.4631 3.18012 0.022817 1.17705 0 
-1.39672 3.17454 -0.182338 1.49194 0 
-1.33411 3.16354 -0.164401 1.05098 0 
-1.29309 3.15708 -0.146463 0.61001 0 
-1.2738 3.15438 -0.128525 0.169044 0 
-1.27636 3.15466 -0.110588 -0.271923 0 
-1.29051 3.15625 -0.113741 -0.297467 0 
-1.31086 3.16184 -0.394897 -0.549535 0 
-1.33966 3.17928 -0.676052 -0.801602 0 
-1.3711 3.21317 -0.957208 -1.05367 0 
-1.39762 3.26564 -1.23836 -1.30574 0 
-1.41094 3.33574 -1.51952 -1.55781 0 
-1.40316 3.4193 -1.80068 -1.80987 0 
-1.36796 3.50912 -2.08183 -2.06194 0 
-1.33001 3.60771 -1.79724 -2.17803 0 
-1.32078 3.71876 -1.51265 -2.29412 0 
-1.34425 3.83359 -1.22805 -2.41021 0 
-1.383 3.94581 -1.24869 -2.33854 0 
-1.41832 4.05539 -1.26933 -2.26686 0 
-1.45035 4.16224 -1.28997 -2.19519 0 
-1.47921 4.26628 -1.31062 -2.12352 0 
-1.50502 4.36742 -1.33126 -2.05185 0 
-1.52793 4.46558 -1.3519 -1.98017 0 
-1.52913 4.55838 -1.77204 -1.75964 0 
-1.49676 4.63357 -2.19219 -1.53911 0 
-1.44461 4.68164 -2.61233 -1.31858 0 
-1.38779 4.70083 -3.03248 -1.09805 0 
-1.33698 4.71568 -2.67827 -1.03067 0 
-1.29715 4.74523 -2.32406 -0.963295 0 
-1.27188 4.78395 -1.96985 -0.895917 0 
-1.25152 4.81485 -2.36344 -0.59371 0 
-1.23342 4.82734 -2.75703 -0.291503 0 
-1.22666 4.82912 3.13256 0.0107039 0 
-1.23443 4.83125 2.73897 0.312911 0 
-1.25318 4.84466 2.34538 0.615118 0 
-1.27356 4.87682 1.95179 0.917324 0 
-1.28279 4.92909 1.5582 1.21953 0 
-1.26816 4.99559 1.16461 1.52174 0 
-1.2485 5.05855 1.38264 1.12183 0 
-1.2445 5.10438 1.60068 0.721914 0 
-1.24774 5.13022 1.81871 0.322002 0 
-1.24953 5.13606 2.03674 -0.0779101 0 
-1.24169 5.12462 2.25477 -0.477822 0 
-1.21734 5.10114 2.47281 -0.877734 0 
-1.17157 5.07289 2.69084 -1.27765 0 
-1.10198 5.04853 2.90887 -1.67756 0 
-1.00896 5.03733 3.1269 -2.07747 0 
-0.895856 5.04839 -2.93825 -2.47738 0 
-0.77304 5.08492 -2.76866 -2.65413 0 
-0.650233 5.14556 -2.59908 -2.83087 0 
-0.532276 5.23123 -2.42949 -3.00761 0 
-0.419835 5.31691 -2.55406 -2.65057 0 
-0.313056 5.37901 -2.67863 -2.29352 0 
-0.215817 5.4204 -2.8032 -1.93648 0 
-0.131353 5.44452 -2.92777 -1.57944 0 
-0.0621831 5.45527 -3.05234 -1.22239 0 
-0.0100472 5.45686 3.10627 -0.865349 0 
0.0241266 5.4537 2.9817 -0.508305 0 
0.0402409 5.45025 2.85713 -0.151261 0 
0.0595218 5.44505 2.89155 -0.647625 0 
0.103118 5.43478 2.92597 -1.14399 0 
0.171371 5.42113 2.96039 -1.64035 0 
0.264538 5.40579 2.99481 -2.13672 0 
0.382787 5.39045 3.02923 -2.63308 0 
0.526198 5.37683 3.06365 -3.12944 0 
0.671501 5.33244 2.62329 -2.99733 0 
0.779174 5.23475 2.18294 -2.86522 0 
0.87086 5.14229 2.5321 -2.36969 0 
0.966289 5.09717 2.88127 -1.87416 0 
1.04684 5.08952 -3.05276 -1.37863 0 
1.10134 5.10347 -2.7036 -0.883105 0 
1.12761 5.12106 -2.35444 -0.387576 0 
1.13218 5.12635 -2.00527 0.107953 0 
1.12833 5.10907 -1.65611 0.603482 0 
1.13282 5.06695 -1.30695 1.09901 0 
1.16191 5.0066 -0.957789 1.59454 0 
1.22737 4.94244 -0.608627 2.09007 0 
1.30491 4.86578 -0.945527 2.2923 0 
1.35719 4.75876 -1.28243 2.49453 0 
1.37237 4.63049 -1.61933 2.69677 0 
1.34211 4.49458 -1.95622 2.899 0 
1.26335 4.36775 -2.29312 3.10123 0 
1.19672 4.24193 -1.80979 2.64946 0 
1.19613 4.12193 -1.32645 2.19769 0 
1.24094 4.03518 -0.843113 1.74592 0 
1.30248 3.99184 -0.359775 1.29415 0 
1.3549 3.98471 0.123562 0.842381 0 
1.38374 3.99477 0.606899 0.390611 0 
1.38981 4.00029 1.09024 -0.0611585 0 
1.38732 3.98627 1.57357 -0.512928 0 
1.39706 3.95099 2.05691 -0.964698 0 
1.43695 3.90758 2.54025 -1.41647 0 
1.50232 3.87768 2.88279 -1.47297 0 
1.57673 3.87123 -3.05785 -1.52947 0 
1.65171 3.89086 -2.71531 -1.58597 0 
1.71807 3.93612 -2.37276 -1.64247 0 
1.76702 4.0033 -2.03022 -1.69898 0 
1.79137 4.08572 -1.68768 -1.75548 0 
1.81203 4.18369 -1.86238 -2.25474 0 
1.85863 4.29975 -2.03708 -2.75401 0 
1.94043 4.40643 -2.41513 -2.65546 0 
2.05163 4.47287 -2.79319 -2.55692 0 
2.17466 4.49281 3.11195 -2.45837 0 
2.28644 4.49391 -3.08945 -2.0144 0 
2.37566 4.50209 -3.00767 -1.57043 0 
2.44207 4.51366 -2.92588 -1.12646 0 
2.48584 4.52499 -2.8441 -0.682489 0 
2.51105 4.52775 3.01424 -0.339279 0 
2.51909 4.52554 2.58939 0.00393004 0 
2.51322 4.53201 2.16454 0.347139 0 
2.50421 4.55613 1.7397 0.690349 0 
2.50667 4.59884 1.31485 1.03356 0 
2.53421 4.65193 0.890001 1.37677 0 
2.59445 4.69963 0.465153 1.71998 0 
2.68549 4.72251 0.0403047 2.06319 0 
2.79465 4.70292 -0.384543 2.40639 0 
2.90238 4.67467 -0.121683 2.06127 0 
2.99654 4.67521 0.141178 1.71614 0 
3.07076 4.69557 0.404038 1.37101 0 
3.13885 4.72244 0.349005 1.55781 0 
3.21719 4.74849 0.293971 1.74462 0 
3.30585 4.77264 0.238938 1.93143 0 
3.40483 4.79384 0.183904 2.11823 0 
3.51406 4.81102 0.12887 2.30504 0 
3.63335 4.82311 0.0738369 2.49184 0 
3.76246 4.82905 0.0188034 2.67865 0 
3.90104 4.8278 -0.0362302 2.86546 0 
4.04866 4.81834 -0.0912637 3.05226 0 
4.1922 4.79833 -0.187398 2.74719 0 
4.31957 4.77624 -0.155438 2.42385 0 
4.43157 4.76047 -0.123479 2.10051 0 
4.52601 4.72418 -0.614883 1.98741 0 
4.5885 4.65186 -1.10629 1.87431 0 
4.60826 4.56408 -1.59769 1.76122 0 
4.58576 4.48275 -2.08909 1.64812 0 
4.53143 4.42571 -2.5805 1.53502 0 
4.46193 4.40279 -3.0719 1.42192 0 
4.39535 4.4144 2.71988 1.30882 0 
4.34652 4.45258 2.22848 1.19572 0 
4.32373 4.50416 1.73708 1.08262 0 
4.32753 4.55481 1.24567 0.969523 0 
4.33914 4.59717 1.36486 0.788379 0 
4.34432 4.63165 1.48404 0.607234 0 
4.34511 4.65746 1.60323 0.426089 0 
4.34366 4.67416 1.72241 0.244945 0 
4.34213 4.68172 1.84159 0.0638002 0 
4.34611 4.67633 2.3322 -0.332535 0 
4.36874 4.66297 2.82281 -0.728871 0 
4.41456 4.6604 -2.96977 -1.12521 0 
4.47413 4.68768 -2.47916 -1.52154 0 
4.52589 4.75526 -1.98855 -1.91788 0 
4.54307 4.85859 -1.49794 -2.31421 0 
4.5427 4.97055 -1.63864 -2.16779 0 
4.55703 5.07421 -1.77935 -2.02137 0 
4.58375 5.1678 -1.92005 -1.87495 0 
4.62034 5.25004 -2.06076 -1.72853 0 
4.66422 5.32013 -2.20146 -1.5821 0 
4.71277 5.37779 -2.34217 -1.43568 0 
4.76348 5.4232 -2.48287 -1.28926 0 
4.81397 5.45699 -2.62358 -1.14284 0 
4.8621 5.4802 -2.76428 -0.996418 0 
4.90604 5.49422 -2.90499 -0.849996 0 
4.94913 5.50854 -2.74005 -0.967983 0 
4.99449 5.53248 -2.57511 -1.08597 0 
5.04 5.5671 -2.41016 -1.20396 0 
5.08325 5.61301 -2.24522 -1.32195 0 
5.11523 5.66728 -1.95703 -1.20668 0 
5.1291 5.72283 -1.66883 -1.09141 0 
5.12686 5.7743 -1.38063 -0.976141 0 
5.11198 5.81757 -1.09244 -0.860873 0 
5.08876 5.85017 -0.804238 -0.745605 0 
5.06176 5.8713 -0.516041 -0.630337 0 
5.03523 5.8818 -0.227845 -0.515069 0 
5.01253 5.88385 0.0603523 -0.3998 0 
4.9958 5.88052 0.348549 -0.284532 0 
4.9836 5.8767 0.254575 -0.227038 0 
4.97391 5.87464 0.160601 -0.169544 0 
4.96564 5.87259 0.324458 -0.17168 0 
4.95771 5.86918 0.488315 -0.173816 0 
4.95799 5.87028 0.907064 0.211058 0 
4.968 5.88271 0.881448 0.427165 0 
4.9853 5.90312 0.855832 0.643272 0 
5.01031 5.93116 0.830216 0.859379 0 
5.04342 5.96642 0.8046 1.07549 0 
5.08501 6.00852 0.778984 1.29159 0 
5.13541 6.04613 0.500963 1.23235 0 
5.19145 6.06742 0.222941 1.1731 0 
5.24823 6.07227 -0.05508 1.11385 0 
5.30068 6.07947 0.33411 1.01709 0 
5.34232 6.10362 0.723299 0.920328 0 
5.36876 6.13793 1.11249 0.823565 0 
5.37895 6.17508 1.50168 0.726801 0 
5.37489 6.20854 1.89087 0.630038 0 
5.3608 6.23377 2.28006 0.533275 0 
5.34818 6.24572 2.53094 0.163667 0 
5.34929 6.24557 2.78182 -0.205941 0 
5.36833 6.24142 3.03271 -0.575548 0 
5.40624 6.24244 -2.9996 -0.945156 0 
5.46048 6.2577 -2.74871 -1.31476 0 
5.52525 6.29508 -2.49783 -1.68437 0 
5.59195 6.3602 -2.24695 -2.05398 0 
5.65005 6.45554 -1.99606 -2.42359 0 
5.72536 6.55037 -2.48641 -2.46932 0 
5.83854 6.59946 -2.97675 -2.51506 0 
5.96376 6.58929 2.81609 -2.56079 0 
6.07133 6.52012 2.32575 -2.60653 0 
6.13477 6.40647 1.83541 -2.65227 0 
6.18169 6.28151 2.02412 -2.69495 0 
6.25234 6.16575 2.21284 -2.73763 0 
6.34487 6.06372 2.40155 -2.78031 0 
6.45661 5.97957 2.59026 -2.82298 0 
6.58406 5.91695 2.77898 -2.86566 0 
6.72305 5.87878 2.96769 -2.90834 0 
6.86806 5.88309 -2.90885 -2.93479 0 
7.00073 5.94496 -2.5022 -2.96124 0 
7.09898 6.05524 -2.09555 -2.98769 0 
7.14602 6.19664 -1.68891 -3.01414 0 
7.15319 6.34574 -1.54846 -2.96186 0 
7.13967 6.49178 -1.40801 -2.90958 0 
7.14542 6.63537 -1.81441 -2.87822 0 
7.20679 6.76358 -2.22082 -2.84687 0 
7.31268 6.85606 -2.62722 -2.81551 0 
7.44501 6.89868 -3.03363 -2.78416 0 
7.58187 6.88566 2.84315 -2.7528 0 
7.70106 6.82035 2.43675 -2.72145 0 
7.78378 6.71447 2.03034 -2.69009 0 
7.8175 6.58602 1.62394 -2.65874 0 
7.80764 6.44234 1.38684 -3.11554 0 
7.81497 6.2904 1.85356 -3.02455 0 
7.88766 6.16194 2.32027 -2.93356 0 
8.00663 6.08242 2.78699 -2.84257 0 
8.14418 6.06548 -3.02948 -2.75158 0 
8.2704 6.11072 -2.56276 -2.66059 0 
8.35966 6.20464 -2.09604 -2.5696 0 
8.39582 6.32437 -1.62932 -2.4786 0 
8.37502 6.44311 -1.16261 -2.38761 0 
8.30571 6.53619 -0.69589 -2.29662 0 
8.22058 6.61548 -0.803353 -2.35936 0 
8.14238 6.70582 -0.910815 -2.4221 0 
8.07254 6.8066 -1.01828 -2.48483 0 
8.01241 6.91704 -1.12574 -2.54757 0 
7.96328 7.03619 -1.2332 -2.61031 0 
7.92633 7.16294 -1.34067 -2.67305 0 
7.90264 7.296 -1.44813 -2.73578 0 
7.89314 7.43397 -1.55559 -2.79852 0 
7.89862 7.57529 -1.66305 -2.86126 0 
7.91968 7.71831 -1.77052 -2.92399 0 
7.95175 7.85022 -1.85018 -2.50769 0 
7.98769 7.9594 -1.92985 -2.09138 0 
8.02413 8.0462 -2.00952 -1.67508 0 
8.05777 8.11135 -2.08919 -1.25877 0 
8.08547 8.15597 -2.16885 -0.842465 0 
8.11652 8.19674 -2.26842 -1.20805 0 
8.16388 8.24762 -2.36799 -1.57364 0 
8.22976 8.30565 -2.46755 -1.93923 0 
8.3159 8.36751 -2.56712 -2.30482 0 
8.41265 8.42164 -2.69759 -2.13295 0 
8.50765 8.45955 -2.82805 -1.96107 0 
8.59844 8.48267 -2.95852 -1.78919 0 
8.68136 8.51404 -2.60074 -1.77602 0 
8.74754 8.57204 -2.24296 -1.76285 0 
8.78892 8.64896 -1.88518 -1.74968 0 
8.80065 8.73485 -1.5274 -1.73651 0 
8.7817 8.81878 -1.16962 -1.72334 0 
8.73492 8.8902 -0.811843 -1.71017 0 
8.66662 8.94034 -0.454064 -1.697 0 
8.58572 8.9632 -0.0962858 -1.68383 0 
8.51394 8.9623 0.134299 -1.19376 0 
8.46796 8.95107 0.364883 -0.703681 0 
8.44745 8.94092 0.595467 -0.213604 0 
8.44833 8.9423 0.826051 0.276472 0 
8.46327 8.9636 1.05664 0.766549 0 
8.48244 9.01029 1.28722 1.25663 0 
8.5068 9.05886 0.905277 0.929855 0 
8.53524 9.0842 0.523333 0.603084 0 
8.55573 9.09182 0.14139 0.276313 0 
8.56956 9.09555 0.38313 0.298056 0 
8.58304 9.10302 0.62487 0.319799 0 
8.59514 9.11422 0.86661 0.341542 0 
8.60268 9.12444 1.02077 0.166727 0 
8.60458 9.12791 1.17494 -0.00808844 0 
8.6032 9.12335 1.3291 -0.182904 0 
8.60169 9.11494 1.45991 -0.158851 0 
8.60134 9.10762 1.59071 -0.134798 0 
8.60185 9.1015 1.72151 -0.110745 0 
8.60289 9.09668 1.85232 -0.0866919 0 
8.60415 9.09317 1.98312 -0.062639 0 
8.60531 9.08748 1.61587 -0.170832 0 
8.6057 9.08323 1.76127 0.000173632 0 
8.60571 9.08319 1.69361 -0.00211396 0 
8.60572 9.08302 1.62595 -0.00440155 0 
8.60573 9.08275 1.55829 -0.00668915 0 
8.60571 9.08236 1.49062 -0.00897674 0 
8.60571 9.08243 1.58227 0.0118518 0 
8.60582 9.08114 1.68954 -0.0634272 0 
8.60672 9.07617 1.79682 -0.138706 0 
8.60919 9.06771 1.90409 -0.213985 0 
8.61396 9.05608 2.01136 -0.289264 0 
8.62174 9.04171 2.11863 -0.364543 0 
8.63314 9.02516 2.2259 -0.439822 0 
8.6487 9.00707 2.33317 -0.515101 0 
8.66884 8.98816 2.44044 -0.59038 0 
8.6939 8.96926 2.54771 -0.665659 0 
8.72406 8.95121 2.65498 -0.740938 0 
8.75231 8.93279 2.46646 -0.610122 0 
8.77192 8.91394 2.27793 -0.479305 0 
8.78389 8.8971 2.0894 -0.348488 0 
8.7898 8.88426 1.90087 -0.217672 0 
8.79167 8.87689 1.71234 -0.086855 0 
8.79183 8.87583 1.52381 0.0439617 0 
8.79186 8.87757 1.58264 0.0259098 0 
8.79183 8.87842 1.64146 0.00785792 0 
8.79182 8.87855 1.53497 -0.00261193 0 

