-8 -8 0 0 0 
-8.00473 -7.99909 -0.284364 -0.193025 0 
-8.01777 -7.99292 -0.568729 -0.38605 0 
-8.03584 -7.97705 -0.853093 -0.579074 0 
-8.05397 -7.94868 -1.13746 -0.772099 0 
-8.06618 -7.90716 -1.42182 -0.965124 0 
-8.06631 -7.85425 -1.70619 -1.15815 0 
-8.04896 -7.79419 -1.99055 -1.35117 0 
-8.01885 -7.73268 -2.06138 -1.38863 0 
-7.98351 -7.67185 -2.13221 -1.42608 0 
-7.94415 -7.61102 -2.15794 -1.47225 0 
-7.90193 -7.54931 -2.18367 -1.51843 0 
-7.85678 -7.48685 -2.20941 -1.5646 0 
-7.80864 -7.42372 -2.23514 -1.61077 0 
-7.75745 -7.36006 -2.26087 -1.65694 0 
-7.70314 -7.29598 -2.2866 -1.70312 0 
-7.64567 -7.23159 -2.31233 -1.74929 0 
-7.58498 -7.16702 -2.33806 -1.79546 0 
-7.52102 -7.1024 -2.3638 -1.84164 0 
-7.45375 -7.03784 -2.38953 -1.88781 0 
-7.36537 -6.98923 -2.87606 -2.18677 0 
-7.24973 -6.98726 2.92059 -2.48573 0 
-7.13334 -7.04621 2.43406 -2.78469 0 
-7.04943 -7.16479 1.94753 -3.08365 0 
-6.9699 -7.28397 2.38069 -2.69228 0 
-6.86431 -7.34871 2.81385 -2.3009 0 
-6.7606 -7.361 -3.03618 -1.90952 0 
-6.67972 -7.33476 -2.60302 -1.51814 0 
-6.63147 -7.2903 -2.16987 -1.12677 0 
-6.61357 -7.24771 -1.73671 -0.735389 0 
-6.60448 -7.22416 -2.21261 -0.28355 0 
-6.60284 -7.22165 -2.68852 0.168289 0 
-6.62211 -7.22495 3.11876 0.620127 0 
-6.66237 -7.21328 2.64286 1.07197 0 
-6.70938 -7.16944 2.16696 1.5238 0 
-6.73893 -7.08796 1.69105 1.97564 0 
-6.72524 -6.97978 1.21515 2.42748 0 
-6.65099 -6.87134 0.739243 2.87932 0 
-6.53373 -6.79587 0.40134 2.72519 0 
-6.40555 -6.76531 0.0634375 2.57106 0 
-6.28211 -6.77817 -0.274465 2.41692 0 
-6.17684 -6.82793 -0.612368 2.26279 0 
-6.06754 -6.87717 -0.241926 2.56012 0 
-5.93306 -6.88435 0.128517 2.85745 0 
-5.79101 -6.83989 0.472898 3.12601 0 
-5.65669 -6.76943 0.49361 2.94133 0 
-5.53194 -6.70065 0.514323 2.75665 0 
-5.41664 -6.63394 0.535036 2.57197 0 
-5.31064 -6.56964 0.555749 2.38729 0 
-5.21379 -6.50811 0.576461 2.20261 0 
-5.12592 -6.4497 0.597174 2.01793 0 
-5.03889 -6.40226 0.39982 1.95328 0 
-4.94732 -6.37377 0.202466 1.88862 0 
-4.85516 -6.36411 0.0051118 1.82397 0 
-4.76611 -6.37242 -0.192242 1.75931 0 
-4.68351 -6.39709 -0.389596 1.69466 0 
-4.6102 -6.43597 -0.58695 1.63 0 
-4.54844 -6.48643 -0.784304 1.56534 0 
-4.49981 -6.54552 -0.981659 1.50069 0 
-4.46524 -6.61016 -1.17901 1.43603 0 
-4.42915 -6.66349 -0.757625 1.1591 0 
-4.38613 -6.69025 -0.336238 0.882169 0 
-4.34957 -6.69535 0.085149 0.605237 0 
-4.31854 -6.69769 -0.232435 0.644841 0 
-4.28797 -6.71036 -0.550018 0.684445 0 
-4.26138 -6.73322 -0.867602 0.72405 0 
-4.24906 -6.7538 -1.26034 0.240899 0 
-4.24828 -6.75367 -1.65308 -0.242252 0 
-4.24091 -6.73078 -2.04582 -0.725403 0 
-4.21041 -6.69366 -2.43856 -1.20855 0 
-4.14704 -6.65939 -2.8313 -1.6917 0 
-4.05153 -6.64925 3.05914 -2.17486 0 
-3.93353 -6.64073 -2.92329 -2.57507 0 
-3.80477 -6.59044 -2.62253 -2.97528 0 
-3.67547 -6.54482 -2.992 -2.54024 0 
-3.56004 -6.54821 2.92171 -2.10519 0 
-3.47351 -6.58454 2.55224 -1.67015 0 
-3.4214 -6.63455 2.18277 -1.23511 0 
-3.39983 -6.68032 1.81329 -0.800064 0 
-3.38378 -6.7227 2.04308 -1.01674 0 
-3.35251 -6.76932 2.27287 -1.23342 0 
-3.30357 -6.81498 2.50266 -1.45009 0 
-3.23615 -6.85371 2.73244 -1.66677 0 
-3.15133 -6.87919 2.96223 -1.88344 0 
-3.05216 -6.88539 -3.09117 -2.10012 0 
-2.94351 -6.86705 -2.86138 -2.31679 0 
-2.83193 -6.82029 -2.63159 -2.53347 0 
-2.72515 -6.74302 -2.4018 -2.75015 0 
-2.63169 -6.6353 -2.17202 -2.96682 0 
-2.55028 -6.51474 -2.15735 -2.85233 0 
-2.47378 -6.39779 -2.14269 -2.73783 0 
-2.40206 -6.28456 -2.12803 -2.62334 0 
-2.31773 -6.19353 -2.51446 -2.37102 0 
-2.2167 -6.14627 -2.90089 -2.11871 0 
-2.11782 -6.14116 2.99586 -1.86639 0 
-2.01875 -6.13869 -2.95302 -2.11608 0 
-1.91433 -6.09953 -2.61871 -2.36576 0 
-1.81895 -6.02036 -2.2844 -2.61545 0 
-1.74838 -5.90366 -1.95009 -2.86513 0 
-1.71739 -5.75812 -1.61579 -3.11482 0 
-1.71055 -5.6105 -1.61848 -2.79625 0 
-1.70409 -5.47881 -1.62118 -2.47768 0 
-1.6981 -5.36305 -1.62388 -2.15911 0 
-1.69266 -5.2632 -1.62657 -1.84054 0 
-1.68786 -5.17928 -1.62927 -1.52197 0 
-1.68379 -5.11127 -1.63197 -1.2034 0 
-1.68054 -5.05916 -1.63467 -0.884828 0 
-1.67818 -5.02296 -1.63736 -0.566258 0 
-1.6768 -5.00266 -1.64006 -0.247689 0 
-1.67649 -4.99825 -1.64276 0.0708808 0 
-1.67534 -4.99313 -1.83416 -0.280879 0 
-1.66706 -4.97188 -2.02557 -0.63264 0 
-1.64571 -4.93762 -2.21698 -0.9844 0 
-1.60636 -4.89511 -2.40838 -1.33616 0 
-1.54931 -4.84298 -2.39479 -1.75517 0 
-1.47769 -4.77575 -2.3812 -2.17419 0 
-1.39191 -4.693 -2.36761 -2.5932 0 
-1.32347 -4.59394 -1.97402 -2.25413 0 
-1.3017 -4.4927 -1.58043 -1.91506 0 
-1.31729 -4.40739 -1.18684 -1.57599 0 
-1.35516 -4.34868 -0.793249 -1.23692 0 
-1.39872 -4.31843 -0.399659 -0.897854 0 
-1.43405 -4.3106 -0.00606882 -0.558784 0 
-1.45314 -4.31372 0.387521 -0.219714 0 
-1.45552 -4.31464 0.781112 0.119356 0 
-1.44796 -4.30242 1.1747 0.458426 0 
-1.44233 -4.27174 1.56829 0.797496 0 
-1.44117 -4.2274 1.52224 0.976584 0 
-1.43732 -4.17424 1.47619 1.15567 0 
-1.42998 -4.11242 1.43013 1.33476 0 
-1.41834 -4.04217 1.38408 1.51385 0 
-1.40162 -3.96377 1.33803 1.69294 0 
-1.37904 -3.87756 1.29198 1.87203 0 
-1.34985 -3.78394 1.24593 2.05112 0 
-1.31333 -3.68333 1.19987 2.2302 0 
-1.26878 -3.57625 1.15382 2.40929 0 
-1.21889 -3.46901 1.11667 2.32211 0 
-1.1778 -3.35971 1.30528 2.35584 0 
-1.15764 -3.24297 1.49389 2.38956 0 
-1.15976 -3.12285 1.68249 2.42329 0 
-1.1847 -3.0036 1.8711 2.45701 0 
-1.23221 -2.8896 2.05971 2.49074 0 
-1.30118 -2.78511 2.24832 2.52446 0 
-1.3708 -2.68343 2.09292 2.40984 0 
-1.43859 -2.57843 2.19405 2.59152 0 
-1.5223 -2.47372 2.29518 2.77319 0 
-1.62251 -2.37151 2.39631 2.95486 0 
-1.7395 -2.27412 2.49744 3.13654 0 
-1.85379 -2.16835 2.29198 3.10351 0 
-1.94315 -2.04282 2.08652 3.07049 0 
-2.00435 -1.90322 1.88107 3.03746 0 
-2.03545 -1.75568 1.67561 3.00444 0 
-2.03579 -1.60655 1.47015 2.97141 0 
-2.00603 -1.46209 1.2647 2.93838 0 
-1.94808 -1.32827 1.05924 2.90536 0 
-1.90015 -1.18626 1.42682 3.12355 0 
-1.88213 -1.0391 1.47193 2.80722 0 
-1.87197 -0.907052 1.51704 2.49089 0 
-1.86828 -0.790484 1.56215 2.17456 0 
-1.86962 -0.689682 1.60725 1.85823 0 
-1.87457 -0.60483 1.65236 1.5419 0 
-1.8817 -0.536018 1.69747 1.22557 0 
-1.88958 -0.483236 1.74257 0.90924 0 
-1.89677 -0.446381 1.78768 0.59291 0 
-1.90363 -0.406954 1.70537 1.00828 0 
-1.90915 -0.346424 1.62307 1.42366 0 
-1.90992 -0.264884 1.54076 1.83903 0 
-1.9025 -0.162846 1.45845 2.25441 0 
-1.88354 -0.0412446 1.37614 2.66978 0 
-1.8498 0.0985744 1.29383 3.08515 0 
-1.79456 0.24071 1.10578 3.02354 0 
-1.73818 0.369087 1.21087 2.58754 0 
-1.70217 0.481901 1.31597 2.15155 0 
-1.68256 0.576526 1.42106 1.71556 0 
-1.67511 0.650997 1.52615 1.27956 0 
-1.67534 0.704051 1.63125 0.843567 0 
-1.67868 0.735137 1.73634 0.407573 0 
-1.68054 0.744429 1.84144 -0.0284207 0 
-1.68217 0.750264 1.845 0.270803 0 
-1.68791 0.770488 1.84856 0.570027 0 
-1.69784 0.805072 1.85212 0.869251 0 
-1.71207 0.853986 1.85568 1.16847 0 
-1.73071 0.917199 1.85924 1.4677 0 
-1.75386 0.994681 1.8628 1.76692 0 
-1.77711 1.08383 1.78999 1.91917 0 
-1.79519 1.18192 1.71717 2.07141 0 
-1.80693 1.28863 1.64435 2.22366 0 
-1.81115 1.40352 1.57153 2.3759 0 
-1.80673 1.52601 1.49871 2.52815 0 
-1.79259 1.65543 1.42589 2.68039 0 
-1.7677 1.79095 1.35308 2.83264 0 
-1.74293 1.93479 1.44654 3.00769 0 
-1.72752 2.08574 1.49153 3.06201 0 
-1.71877 2.23994 1.53653 3.11634 0 
-1.69846 2.38354 1.3188 2.69664 0 
-1.655 2.49978 1.10107 2.27694 0 
-1.59891 2.58635 0.883335 1.85724 0 
-1.54042 2.64411 0.665602 1.43754 0 
-1.48861 2.67681 0.447869 1.01785 0 
-1.45071 2.69057 0.230137 0.598148 0 
-1.43152 2.69329 0.012404 0.178449 0 
-1.43304 2.69382 -0.205329 -0.241249 0 
-1.45433 2.70114 -0.423061 -0.660947 0 
-1.49159 2.72351 -0.640794 -1.08064 0 
-1.53552 2.75669 -0.652667 -1.12146 0 
-1.58067 2.79163 -0.66454 -1.16228 0 
-1.62779 2.82033 -0.425672 -1.04996 0 
-1.67503 2.83538 -0.186805 -0.937644 0 
-1.71889 2.83845 0.0520627 -0.825328 0 
-1.75671 2.83202 0.29093 -0.713012 0 
-1.7868 2.81905 0.529798 -0.600696 0 
-1.8085 2.80272 0.768665 -0.48838 0 
-1.82125 2.78306 1.2274 -0.456728 0 
-1.82624 2.76983 1.18325 -0.109337 0 
-1.8249 2.77275 1.1391 0.238053 0 
-1.81582 2.79123 1.09495 0.585444 0 
-1.79764 2.82454 1.0508 0.932835 0 
-1.76904 2.8719 1.00665 1.28023 0 
-1.72878 2.93242 0.962505 1.62762 0 
-1.67564 3.00513 0.918356 1.97501 0 
-1.6085 3.08899 0.874207 2.3224 0 
-1.54081 3.18657 1.05296 2.43426 0 
-1.48922 3.29971 1.23171 2.54612 0 
-1.4572 3.42563 1.41046 2.65798 0 
-1.44767 3.56081 1.58921 2.76984 0 
-1.46293 3.70108 1.76796 2.8817 0 
-1.50447 3.84176 1.94671 2.99356 0 
-1.57286 3.97781 2.12546 3.10542 0 
-1.65003 4.10752 2.08909 2.93227 0 
-1.71828 4.23236 2.05272 2.75911 0 
-1.77807 4.35186 2.01635 2.58595 0 
-1.82989 4.46557 1.97998 2.4128 0 
-1.87424 4.57309 1.94361 2.23964 0 
-1.90713 4.68161 1.78728 2.3007 0 
-1.92314 4.79694 1.63095 2.36175 0 
-1.92095 4.91641 1.47462 2.42281 0 
-1.89966 5.03709 1.31829 2.48386 0 
-1.85884 5.15587 1.16197 2.54491 0 
-1.79861 5.26953 1.00564 2.60597 0 
-1.71958 5.37488 0.849308 2.66702 0 
-1.62293 5.46876 0.69298 2.72808 0 
-1.51035 5.5482 0.536651 2.78913 0 
-1.38897 5.6154 0.474493 2.76115 0 
-1.26492 5.67433 0.412335 2.73316 0 
-1.13875 5.72491 0.350176 2.70518 0 
-1.011 5.76712 0.288018 2.6772 0 
-0.882238 5.80097 0.22586 2.64922 0 
-0.752991 5.82647 0.163702 2.62123 0 
-0.623795 5.84371 0.101544 2.59325 0 
-0.495174 5.8528 0.039386 2.56527 0 
-0.367635 5.85387 -0.0227721 2.53728 0 
-0.241673 5.84708 -0.0849302 2.5093 0 
-0.106998 5.84556 0.0589534 2.88268 0 
0.0408992 5.8297 -0.268742 3.09382 0 
0.186448 5.78777 -0.292364 2.96501 0 
0.324821 5.74435 -0.315985 2.8362 0 
0.45221 5.72584 0.0387955 2.33985 0 
0.553981 5.74744 0.393576 1.8435 0 
0.621139 5.78971 0.748357 1.34716 0 
0.654588 5.83295 1.10314 0.850808 0 
0.663867 5.86146 1.45792 0.35446 0 
0.664256 5.86678 1.8127 -0.141888 0 
0.672823 5.84936 2.16748 -0.638237 0 
0.704166 5.81834 2.52226 -1.13458 0 
0.766647 5.78959 2.87704 -1.63093 0 
0.843079 5.75237 2.50558 -1.78918 0 
0.906146 5.68419 2.13412 -1.94742 0 
0.943062 5.59045 1.76266 -2.10566 0 
0.943484 5.48184 1.3912 -2.26391 0 
0.94357 5.36548 1.74801 -2.41519 0 
0.986912 5.24943 2.10482 -2.56647 0 
1.07298 5.15013 2.46164 -2.71776 0 
1.19491 5.08353 2.81845 -2.86904 0 
1.32419 5.04189 2.84197 -2.56388 0 
1.43978 5.00763 2.86549 -2.25872 0 
1.54142 4.98009 2.889 -1.95356 0 
1.62886 4.95858 2.91252 -1.64841 0 
1.70188 4.94243 2.93604 -1.34325 0 
1.76029 4.93093 2.95955 -1.03809 0 
1.80392 4.9234 2.98307 -0.732931 0 
1.83262 4.91913 3.00659 -0.427773 0 
1.85822 4.91458 2.92911 -0.612337 0 
1.89232 4.90576 2.85163 -0.796901 0 
1.93437 4.89136 2.77415 -0.981465 0 
1.98365 4.8701 2.69667 -1.16603 0 
2.03931 4.84079 2.6192 -1.35059 0 
2.10034 4.80236 2.54172 -1.53516 0 
2.16563 4.75382 2.46424 -1.71972 0 
2.23392 4.69432 2.38676 -1.90428 0 
2.29607 4.63525 2.37618 -1.52543 0 
2.34401 4.58873 2.3656 -1.14657 0 
2.378 4.55504 2.35502 -0.767715 0 
2.39832 4.53448 2.34443 -0.388859 0 
2.42108 4.51806 2.65686 -0.738069 0 
2.46425 4.50383 2.96929 -1.08728 0 
2.52708 4.50327 -3.00147 -1.43649 0 
2.60368 4.52713 -2.68905 -1.7857 0 
2.6835 4.58332 -2.37662 -2.13491 0 
2.75271 4.67518 -2.0642 -2.48412 0 
2.79608 4.80027 -1.75177 -2.83333 0 
2.80967 4.93336 -1.59015 -2.52362 0 
2.80261 5.05146 -1.42853 -2.21391 0 
2.78006 5.1518 -1.26692 -1.9042 0 
2.74747 5.23286 -1.1053 -1.59449 0 
2.71029 5.29441 -0.943683 -1.28478 0 
2.67375 5.33742 -0.782066 -0.97507 0 
2.64258 5.36401 -0.620449 -0.66536 0 
2.62082 5.37729 -0.458831 -0.35565 0 
2.61157 5.38118 -0.297214 -0.0459401 0 
2.61693 5.38022 -0.135597 0.26377 0 
2.63791 5.37339 -0.451032 0.622314 0 
2.6712 5.36255 -0.188232 0.782017 0 
2.71411 5.36029 0.0745687 0.941719 0 
2.76393 5.37088 0.337369 1.10142 0 
2.81639 5.39764 0.600169 1.26112 0 
2.86603 5.44243 0.86297 1.42083 0 
2.90666 5.50525 1.12577 1.58053 0 
2.94596 5.5797 1.04601 1.78757 0 
2.9966 5.65952 0.96624 1.99461 0 
3.05966 5.74332 0.886475 2.20166 0 
3.13606 5.82958 0.80671 2.4087 0 
3.22654 5.91667 0.726945 2.61574 0 
3.33167 6.00283 0.64718 2.82278 0 
3.45183 6.08624 0.567415 3.02983 0 
3.58648 6.13823 0.16371 2.78317 0 
3.71849 6.1336 -0.239995 2.53651 0 
3.82443 6.087 -0.599616 2.11798 0 
3.9286 6.04084 -0.243673 2.46351 0 
4.05947 6.03274 0.112271 2.80904 0 
4.20567 6.04122 0.00511172 3.05168 0 
4.34811 6.06624 0.348293 2.76166 0 
4.46131 6.13056 0.691473 2.47164 0 
4.55474 6.19793 0.554747 2.13991 0 
4.64184 6.2442 0.418021 1.80818 0 
4.71887 6.27249 0.281294 1.47644 0 
4.78283 6.28651 0.144568 1.14471 0 
4.83157 6.29042 0.00784117 0.812982 0 
4.86386 6.28865 -0.128885 0.481251 0 
4.88988 6.28761 0.0441151 0.561681 0 
4.91967 6.29158 0.217116 0.64211 0 
4.95217 6.30182 0.390116 0.72254 0 
4.98192 6.31938 0.680108 0.66394 0 
5.00342 6.34256 0.9701 0.605339 0 
5.01612 6.3683 1.26009 0.546739 0 
5.02044 6.39372 1.55008 0.488138 0 
5.01767 6.41641 1.84008 0.429538 0 
5.00971 6.43469 2.13007 0.370937 0 
4.99874 6.44771 2.42006 0.312337 0 
4.98696 6.45546 2.71005 0.253736 0 
4.97625 6.45869 3.00005 0.195136 0 
4.97815 6.45893 -3.10501 -0.2705 0 
5.00304 6.46242 -2.92688 -0.736137 0 
5.04911 6.47723 -2.74876 -1.20177 0 
5.11242 6.51073 -2.57063 -1.66741 0 
5.18717 6.56918 -2.3925 -2.13305 0 
5.26593 6.65724 -2.21437 -2.59868 0 
5.34008 6.77762 -2.03625 -3.06432 0 
5.42008 6.91031 -2.18983 -3.13927 0 
5.50347 7.03091 -2.16109 -2.726 0 
5.57212 7.13653 -2.13235 -2.31273 0 
5.62694 7.22643 -2.10361 -1.89946 0 
5.66893 7.29992 -2.07487 -1.48619 0 
5.69906 7.35635 -2.04613 -1.07292 0 
5.71837 7.39512 -2.01739 -0.659647 0 
5.72791 7.41567 -1.98865 -0.246377 0 
5.72873 7.41748 -1.9599 0.166893 0 
5.72194 7.40008 -1.93116 0.580163 0 
5.71103 7.37787 -2.13523 0.411284 0 
5.70106 7.36496 -2.3393 0.242405 0 
5.69512 7.35977 -2.54337 0.0735268 0 
5.69567 7.3599 -2.74744 -0.0953518 0 
5.7043 7.36235 -2.95151 -0.26423 0 
5.72165 7.36374 3.12761 -0.433109 0 
5.7473 7.3606 2.92354 -0.601988 0 
5.76588 7.35258 2.4732 -0.214013 0 
5.76707 7.35226 2.02285 0.173963 0 
5.76315 7.36599 1.71539 0.39903 0 
5.76367 7.39146 1.40793 0.624098 0 
5.77536 7.42623 1.10046 0.849165 0 
5.80358 7.46493 0.792998 1.07423 0 
5.85119 7.49996 0.485534 1.2993 0 
5.90669 7.51579 0.0530565 1.02736 0 
5.95041 7.50909 -0.379421 0.755414 0 
5.97612 7.49225 -0.811898 0.483471 0 
5.98544 7.47774 -1.24438 0.211527 0 
5.98634 7.47407 -1.67685 -0.060416 0 
5.98701 7.46537 -1.42468 0.40961 0 
5.99612 7.43454 -1.17251 0.879636 0 
6.02438 7.38667 -0.920339 1.34966 0 
6.08011 7.33065 -0.668167 1.81969 0 
6.16814 7.27821 -0.415995 2.28971 0 
6.28893 7.24269 -0.163824 2.75974 0 
6.41823 7.22335 -0.132506 2.46987 0 
6.53367 7.20976 -0.101189 2.18 0 
6.63505 7.20103 -0.0698716 1.89014 0 
6.72217 7.19626 -0.0385542 1.60027 0 
6.79492 7.19456 -0.00723679 1.3104 0 
6.85319 7.19501 0.0240806 1.02053 0 
6.89693 7.19672 0.055398 0.730665 0 
6.92614 7.19876 0.0867154 0.440797 0 
6.94086 7.20023 0.118033 0.15093 0 
6.94749 7.19953 -0.348552 0.118098 0 
6.95174 7.19681 -0.815137 0.0852665 0 
6.95349 7.19389 -1.28172 0.0524349 0 
6.95366 7.19211 -1.74831 0.0196032 0 
6.95365 7.19194 -2.21489 -0.0132284 0 
6.95482 7.19283 -2.68148 -0.04606 0 
6.95785 7.19346 3.13512 -0.0788916 0 
6.96242 7.19228 2.66854 -0.111723 0 
6.96721 7.18811 2.20195 -0.144555 0 
6.97024 7.18073 1.73537 -0.177386 0 
6.97061 7.17524 1.48829 -0.0431477 0 
6.97207 7.16649 1.88321 -0.313889 0 
6.98334 7.14722 2.27814 -0.58463 0 
7.01174 7.12547 2.67306 -0.855371 0 
7.05928 7.11272 3.06799 -1.12611 0 
7.12141 7.12091 -2.82027 -1.39685 0 
7.18729 7.15903 -2.42534 -1.66759 0 
7.25471 7.22178 -2.36085 -2.01706 0 
7.32995 7.30143 -2.29636 -2.36653 0 
7.41107 7.3992 -2.23187 -2.716 0 
7.46986 7.51775 -1.82787 -2.61308 0 
7.51019 7.63442 -1.98222 -2.32987 0 
7.56133 7.73102 -2.13657 -2.04666 0 
7.61824 7.80729 -2.29092 -1.76344 0 
7.67607 7.86402 -2.44528 -1.48023 0 
7.73042 7.90297 -2.59963 -1.19702 0 
7.77747 7.92676 -2.75398 -0.913807 0 
7.81414 7.93872 -2.90833 -0.630594 0 
7.83824 7.9427 -3.06268 -0.347382 0 
7.84852 7.9429 3.06615 -0.0641702 0 
7.85907 7.94481 -2.80366 -0.367413 0 
7.88084 7.95861 -2.39028 -0.670656 0 
7.90389 7.9923 -1.9769 -0.9739 0 
7.92631 8.02316 -2.46429 -0.56671 0 
7.9512 8.04455 -2.40205 -0.746327 0 
7.98116 8.07371 -2.33981 -0.925944 0 
8.01529 8.11131 -2.27757 -1.10556 0 
8.05313 8.14528 -2.55011 -0.934743 0 
8.09107 8.16406 -2.82265 -0.763924 0 
8.12429 8.1704 -3.09519 -0.593106 0 
8.14951 8.16832 2.91546 -0.422288 0 
8.16528 8.16255 2.64292 -0.25147 0 
8.17206 8.15779 2.37038 -0.0806521 0 
8.17537 8.15331 2.06991 -0.143217 0 
8.17827 8.14511 1.76944 -0.205783 0 
8.17896 8.13903 1.55096 -0.0396578 0 
8.17939 8.14115 1.33249 0.126467 0 
8.18057 8.14622 1.35293 0.0816362 0 
8.18119 8.14912 1.37338 0.0368054 0 
8.18132 8.14982 1.39382 -0.00802547 0 
8.18108 8.14832 1.41426 -0.0528563 0 
8.18053 8.1446 1.43471 -0.0976871 0 
8.18004 8.14037 1.47879 -0.0724936 0 
8.17983 8.13738 1.52288 -0.0473001 0 
8.17908 8.14489 1.72719 0.349175 0 
8.17177 8.17122 1.9315 0.74565 0 
8.15043 8.21322 2.13581 1.14213 0 
8.10877 8.26557 2.34012 1.5386 0 
8.06269 8.32859 2.06582 1.59405 0 
8.03444 8.40433 1.79151 1.64951 0 
8.02752 8.48764 1.5172 1.70496 0 
8.04396 8.57242 1.2429 1.76041 0 
8.08398 8.65206 0.968594 1.81586 0 
8.14595 8.71991 0.694288 1.87132 0 
8.22632 8.76991 0.419983 1.92677 0 
8.31989 8.79704 0.145678 1.98222 0 
8.40597 8.81402 0.24827 1.52887 0 
8.46821 8.83304 0.350863 1.07552 0 
8.50732 8.84946 0.453456 0.622177 0 
8.52472 8.85885 0.556048 0.168829 0 
8.53053 8.86259 0.590514 0.107652 0 
8.5337 8.86479 0.624979 0.0464743 0 
8.53434 8.86526 0.659444 -0.0147029 0 
8.53258 8.86383 0.69391 -0.0758801 0 
8.52855 8.86035 0.728375 -0.137057 0 
8.5224 8.85466 0.76284 -0.198235 0 
8.51427 8.8466 0.797305 -0.259412 0 
8.50764 8.83965 0.824476 -0.124946 0 
8.50654 8.83844 1.09812 0.0597744 0 
8.50695 8.83924 1.07428 -0.0235659 0 
8.50606 8.837 1.27533 -0.0732876 0 
8.50515 8.83218 1.47637 -0.123009 0 
8.50524 8.8248 1.67741 -0.172731 0 
8.50535 8.82343 1.73798 0.11767 0 
8.50517 8.82849 1.46146 0.0856112 0 
8.50523 8.8282 1.55774 -0.0970724 0 
8.5053 8.82614 1.73921 0.0144713 0 
8.50525 8.82644 1.72482 -0.0020478 0 
8.50533 8.82593 1.71043 -0.0185669 0 
8.5055 8.8246 1.69604 -0.035086 0 
8.5056 8.82287 1.56264 -0.0343931 0 
8.50561 8.82156 1.59245 -0.0179616 0 
8.50562 8.82107 1.57968 -0.00191627 0 

