-8 -8 0 0 0 
-7.99189 -7.9992 0.14773 0.326304 0 
-7.96808 -7.99363 0.29546 0.652608 0 
-7.93015 -7.97873 0.443191 0.978912 0 
-7.88065 -7.95035 0.590921 1.30522 0 
-7.82305 -7.90495 0.738651 1.63152 0 
-7.76154 -7.83972 0.886381 1.95782 0 
-7.70096 -7.75279 1.03411 2.28413 0 
-7.65204 -7.64407 1.25864 2.49485 0 
-7.62648 -7.51687 1.48316 2.70558 0 
-7.63013 -7.37667 1.70769 2.9163 0 
-7.67153 -7.244 2.04381 2.66921 0 
-7.74701 -7.14226 2.37993 2.42211 0 
-7.84164 -7.07799 2.71605 2.17502 0 
-7.93696 -7.01858 2.45548 2.3303 0 
-8.01906 -6.93098 2.19491 2.48558 0 
-8.07949 -6.81837 1.93434 2.64086 0 
-8.11065 -6.68647 1.67377 2.79614 0 
-8.10657 -6.54324 1.41321 2.95142 0 
-8.06353 -6.39848 1.15264 3.1067 0 
-7.98228 -6.27607 0.810956 2.79869 0 
-7.877 -6.19712 0.469274 2.49069 0 
-7.766 -6.16252 0.127592 2.18268 0 
-7.66513 -6.16645 -0.214089 1.87467 0 
-7.56633 -6.19248 -0.298835 2.21354 0 
-7.45412 -6.23245 -0.383581 2.55242 0 
-7.33028 -6.28878 -0.468327 2.89129 0 
-7.19813 -6.36115 -0.532878 3.13666 0 
-7.07226 -6.45367 -0.735042 3.12239 0 
-6.96802 -6.56905 -0.937205 3.10811 0 
-6.88942 -6.7024 -1.13937 3.09384 0 
-6.83944 -6.84813 -1.34153 3.07957 0 
-6.81982 -7.00023 -1.54369 3.0653 0 
-6.83109 -7.15247 -1.74586 3.05103 0 
-6.8725 -7.29865 -1.94802 3.03676 0 
-6.89845 -7.43832 -1.5528 2.68265 0 
-6.87239 -7.56003 -1.15759 2.32855 0 
-6.81157 -7.64791 -0.762369 1.97445 0 
-6.73646 -7.69619 -0.367151 1.62035 0 
-6.66589 -7.70886 0.0280664 1.26624 0 
-6.59308 -7.71229 -0.116007 1.65195 0 
-6.50259 -7.72975 -0.260081 2.03766 0 
-6.39732 -7.7663 -0.404154 2.42336 0 
-6.28299 -7.80927 -0.31512 2.46385 0 
-6.16334 -7.84244 -0.226086 2.50434 0 
-6.03923 -7.86522 -0.137052 2.54483 0 
-5.91156 -7.87705 -0.0480186 2.58532 0 
-5.78133 -7.87749 0.0410153 2.62581 0 
-5.64955 -7.86618 0.130049 2.6663 0 
-5.51731 -7.84284 0.219083 2.70679 0 
-5.39781 -7.78634 0.666407 2.625 0 
-5.31705 -7.68687 1.11373 2.54322 0 
-5.24902 -7.58449 0.852099 2.38756 0 
-5.16265 -7.50832 0.590467 2.23191 0 
-5.06648 -7.46052 0.328836 2.07626 0 
-4.96882 -7.44075 0.0672043 1.9206 0 
-4.87712 -7.44643 -0.194427 1.76495 0 
-4.79736 -7.47314 -0.456059 1.6093 0 
-4.73369 -7.51529 -0.71769 1.45365 0 
-4.68821 -7.56664 -0.979322 1.29799 0 
-4.64846 -7.62257 -0.927596 1.44708 0 
-4.60125 -7.68223 -0.875871 1.59617 0 
-4.5461 -7.74496 -0.824146 1.74526 0 
-4.47319 -7.80235 -0.516099 1.98124 0 
-4.37531 -7.8391 -0.208052 2.21723 0 
-4.25665 -7.84075 0.171202 2.55849 0 
-4.13726 -7.80823 0.36281 2.39843 0 
-4.03342 -7.7571 0.554418 2.23837 0 
-3.94758 -7.69198 0.746026 2.07831 0 
-3.88103 -7.61765 0.937634 1.91826 0 
-3.83395 -7.53888 1.12924 1.7582 0 
-3.80544 -7.4601 1.32085 1.59814 0 
-3.79555 -7.37813 1.57774 1.71361 0 
-3.8076 -7.29063 1.83463 1.82908 0 
-3.84368 -7.20374 2.09152 1.94455 0 
-3.90413 -7.12429 2.34841 2.06001 0 
-3.95944 -7.03817 1.93518 2.06334 0 
-3.97555 -6.93692 1.52196 2.06668 0 
-3.96175 -6.83788 1.34088 1.93902 0 
-3.93234 -6.74898 1.15979 1.81137 0 
-3.89048 -6.67242 0.978714 1.68372 0 
-3.83953 -6.6096 0.797633 1.55606 0 
-3.78294 -6.56113 0.616552 1.42841 0 
-3.72407 -6.52683 0.435471 1.30076 0 
-3.66597 -6.50586 0.25439 1.1731 0 
-3.61134 -6.49673 0.0733087 1.04545 0 
-3.54925 -6.49658 -0.0615024 1.44002 0 
-3.46816 -6.50732 -0.196313 1.83459 0 
-3.37021 -6.534 -0.331125 2.22915 0 
-3.25857 -6.58124 -0.465936 2.62372 0 
-3.14118 -6.62819 -0.292892 2.43954 0 
-3.02647 -6.65234 -0.119847 2.25536 0 
-2.9238 -6.66548 -0.135168 1.88484 0 
-2.83969 -6.67755 -0.150489 1.51433 0 
-2.76435 -6.69839 -0.38645 1.61962 0 
-2.69307 -6.72726 -0.383088 1.45657 0 
-2.62926 -6.75285 -0.379725 1.29353 0 
-2.57293 -6.77522 -0.376363 1.13049 0 
-2.52413 -6.79442 -0.373001 0.967448 0 
-2.48285 -6.81049 -0.369639 0.804406 0 
-2.44913 -6.82349 -0.366277 0.641365 0 
-2.42297 -6.83348 -0.362915 0.478323 0 
-2.39537 -6.84132 -0.199783 0.670574 0 
-2.35733 -6.8457 -0.0366508 0.862824 0 
-2.30949 -6.84342 0.126481 1.05508 0 
-2.25326 -6.83142 0.289613 1.24733 0 
-2.19078 -6.80696 0.452745 1.43958 0 
-2.12484 -6.76779 0.615877 1.63183 0 
-2.05877 -6.71226 0.779009 1.82408 0 
-2.00436 -6.65126 0.910898 1.44795 0 
-1.95306 -6.60304 0.595486 1.38027 0 
-1.89237 -6.57453 0.280074 1.31259 0 
-1.82919 -6.56667 -0.0353381 1.24491 0 
-1.76999 -6.57816 -0.35075 1.17723 0 
-1.71678 -6.60593 -0.609531 1.2303 0 
-1.6705 -6.64818 -0.868311 1.28338 0 
-1.63513 -6.70309 -1.12709 1.33645 0 
-1.61417 -6.76773 -1.38587 1.38953 0 
-1.61031 -6.83823 -1.64465 1.4426 0 
-1.61284 -6.91397 -1.56506 1.58921 0 
-1.60901 -6.99698 -1.48547 1.73581 0 
-1.59768 -7.0867 -1.40587 1.88242 0 
-1.57776 -7.18241 -1.32628 2.02902 0 
-1.54823 -7.28327 -1.24669 2.17563 0 
-1.50817 -7.3883 -1.16709 2.32224 0 
-1.45675 -7.49644 -1.0875 2.46884 0 
-1.39322 -7.6065 -1.00791 2.61545 0 
-1.317 -7.7172 -0.928313 2.76205 0 
-1.22759 -7.82717 -0.84872 2.90866 0 
-1.13476 -7.9361 -0.881479 2.81645 0 
-1.04841 -8.0444 -0.914238 2.72424 0 
-0.980096 -8.15241 -1.10337 2.39522 0 
-0.910791 -8.24866 -0.789546 2.36864 0 
-0.816224 -8.31803 -0.475721 2.34205 0 
-0.706118 -8.35441 -0.161896 2.31547 0 
-0.591482 -8.35502 0.151928 2.28888 0 
-0.48352 -8.32061 0.465753 2.2623 0 
-0.392528 -8.25533 0.779578 2.23571 0 
-0.326917 -8.16621 1.0934 2.20912 0 
-0.292439 -8.06244 1.40723 2.18254 0 
-0.268889 -7.9568 1.29541 2.1492 0 
-0.234241 -7.85602 1.1836 2.11586 0 
-0.189277 -7.76124 1.07179 2.08252 0 
-0.134897 -7.67348 0.959978 2.04918 0 
-0.0720957 -7.59365 0.848165 2.01584 0 
-0.00194862 -7.52251 0.736353 1.9825 0 
0.0744029 -7.4607 0.624541 1.94916 0 
0.155771 -7.40868 0.512728 1.91582 0 
0.245834 -7.37641 0.175691 1.92905 0 
0.342157 -7.37574 -0.161346 1.94228 0 
0.433907 -7.40717 -0.498384 1.95552 0 
0.517003 -7.45536 -0.552913 1.88719 0 
0.594492 -7.50613 -0.607443 1.81886 0 
0.666348 -7.55902 -0.661973 1.75053 0 
0.732578 -7.61358 -0.716502 1.6822 0 
0.793223 -7.66935 -0.771032 1.61387 0 
0.848353 -7.7259 -0.825561 1.54554 0 
0.898072 -7.7828 -0.880091 1.47721 0 
0.947459 -7.84581 -0.930755 1.72574 0 
1.00076 -7.9214 -0.981418 1.97427 0 
1.0568 -8.0101 -1.03208 2.22279 0 
1.1007 -8.12278 -1.35741 2.63599 0 
1.13853 -8.2591 -1.24526 3.02589 0 
1.16701 -8.40028 -1.50239 2.75055 0 
1.15947 -8.53034 -1.75953 2.47521 0 
1.12338 -8.64117 -2.01666 2.19987 0 
1.06776 -8.72765 -2.2738 1.92453 0 
1.00211 -8.7879 -2.53094 1.64919 0 
0.93547 -8.8231 -2.78807 1.37385 0 
0.873652 -8.83754 -3.0429 1.1723 0 
0.820236 -8.83622 2.98545 0.970757 0 
0.778527 -8.82429 2.73062 0.769211 0 
0.749801 -8.80738 2.47579 0.567665 0 
0.733316 -8.79094 2.22097 0.366119 0 
0.71869 -8.77658 2.49935 0.456481 0 
0.696735 -8.76462 2.77774 0.546843 0 
0.667947 -8.75814 3.05612 0.637205 0 
0.633993 -8.76007 -2.94868 0.727567 0 
0.597619 -8.77273 -2.67029 0.817928 0 
0.562433 -8.79748 -2.39191 0.90829 0 
0.532563 -8.83443 -2.11352 0.998652 0 
0.508174 -8.88334 -1.9578 1.18955 0 
0.488764 -8.94452 -1.80207 1.38044 0 
0.4789 -9.02045 -1.60451 1.68712 0 
0.485125 -9.11211 -1.40695 1.99381 0 
0.513196 -9.21555 -1.20938 2.30049 0 
0.578457 -9.31536 -0.780228 2.50649 0 
0.687962 -9.38445 -0.351073 2.71249 0 
0.826409 -9.4031 0.0780827 2.91849 0 
0.963527 -9.41717 -0.289198 2.62614 0 
1.0735 -9.47293 -0.656478 2.3338 0 
1.17865 -9.52726 -0.299707 2.4256 0 
1.30068 -9.54201 0.0570644 2.5174 0 
1.42462 -9.51213 0.413836 2.60921 0 
1.53411 -9.43831 0.770607 2.70101 0 
1.61358 -9.32718 1.12738 2.79281 0 
1.65125 -9.20161 1.43768 2.47219 0 
1.64912 -9.0865 1.74798 2.15156 0 
1.61716 -8.99263 2.05828 1.83093 0 
1.56763 -8.92578 2.36858 1.5103 0 
1.51307 -8.8865 2.67888 1.18967 0 
1.4663 -8.84815 2.23464 1.24973 0 
1.43927 -8.79073 1.79039 1.30978 0 
1.43955 -8.72429 1.34615 1.36984 0 
1.46964 -8.66173 0.901908 1.42989 0 
1.52601 -8.61631 0.457665 1.48995 0 
1.59933 -8.59883 0.0134224 1.55 0 
1.685 -8.59292 0.120762 1.88636 0 
1.78609 -8.57495 0.228102 2.22273 0 
1.90082 -8.54158 0.335442 2.55909 0 
2.0001 -8.48273 0.748736 2.09011 0 
2.05394 -8.40797 1.16203 1.62113 0 
2.06854 -8.3407 1.57532 1.15215 0 
2.08093 -8.27601 1.20408 1.49729 0 
2.12494 -8.20562 0.832842 1.84244 0 
2.20517 -8.14565 0.461601 2.18759 0 
2.31166 -8.10145 0.327458 2.42777 0 
2.4347 -8.06881 0.193314 2.66795 0 
2.57291 -8.0514 0.0591709 2.90813 0 
2.71041 -8.02207 0.364265 2.73738 0 
2.83083 -7.96573 0.512359 2.58538 0 
2.93529 -7.89644 0.660453 2.43337 0 
3.02275 -7.81759 0.808547 2.28137 0 
3.0928 -7.73255 0.95664 2.12936 0 
3.14562 -7.64463 1.10473 1.97736 0 
3.182 -7.55689 1.25283 1.82535 0 
3.20319 -7.47211 1.40092 1.67335 0 
3.21092 -7.39269 1.54902 1.52134 0 
3.21931 -7.31941 1.36282 1.43344 0 
3.23982 -7.25313 1.17662 1.34553 0 
3.27018 -7.19568 0.990428 1.25763 0 
3.30398 -7.14127 1.03907 1.30465 0 
3.33624 -7.08323 1.08771 1.35166 0 
3.36668 -7.02159 1.13635 1.39868 0 
3.39502 -6.95638 1.18499 1.44569 0 
3.42099 -6.88767 1.23363 1.49271 0 
3.44431 -6.81554 1.28228 1.53972 0 
3.46471 -6.7401 1.33092 1.58674 0 
3.48192 -6.66145 1.37956 1.63375 0 
3.48487 -6.57667 1.6881 1.77333 0 
3.46008 -6.48829 1.99665 1.91291 0 
3.40581 -6.4058 2.3052 2.05249 0 
3.32365 -6.3393 2.61375 2.19206 0 
3.21871 -6.29836 2.92229 2.33164 0 
3.09935 -6.29077 -3.05234 2.47122 0 
2.97658 -6.32146 -2.7438 2.6108 0 
2.86658 -6.38427 -2.49939 2.46893 0 
2.78015 -6.46695 -2.25498 2.32706 0 
2.72007 -6.56209 -2.01057 2.1852 0 
2.687 -6.66222 -1.76616 2.04333 0 
2.67967 -6.76032 -1.52175 1.90146 0 
2.69822 -6.86399 -1.27393 2.32173 0 
2.71867 -6.97988 -1.51705 2.39735 0 
2.71036 -7.10106 -1.76017 2.47296 0 
2.67198 -7.22026 -2.00329 2.54857 0 
2.6011 -7.32259 -2.352 2.45587 0 
2.50329 -7.39188 -2.70072 2.36317 0 
2.39214 -7.42236 -3.04943 2.27047 0 
2.28186 -7.41341 2.88505 2.17777 0 
2.18546 -7.36925 2.53634 2.08507 0 
2.11324 -7.29804 2.18763 1.99237 0 
2.07167 -7.21061 1.83891 1.89967 0 
2.0629 -7.11883 1.4902 1.80697 0 
2.08486 -7.03405 1.14149 1.71427 0 
2.12113 -6.95683 1.12181 1.69821 0 
2.15856 -6.88106 1.10213 1.68215 0 
2.1971 -6.80676 1.08245 1.66608 0 
2.23671 -6.73393 1.06277 1.65002 0 
2.27735 -6.6626 1.04309 1.63396 0 
2.31897 -6.59277 1.02341 1.6179 0 
2.36154 -6.52445 1.00373 1.60184 0 
2.40106 -6.44585 1.20008 1.92297 0 
2.42881 -6.34561 1.39643 2.24411 0 
2.43768 -6.2259 1.59278 2.56525 0 
2.42111 -6.09084 1.78914 2.88638 0 
2.38014 -5.95551 1.94144 2.77479 0 
2.32152 -5.83299 2.09375 2.66321 0 
2.24813 -5.72539 2.24606 2.55162 0 
2.16307 -5.63424 2.39836 2.44004 0 
2.07395 -5.54571 2.32134 2.58612 0 
1.98714 -5.44505 2.24433 2.7322 0 
1.90399 -5.33213 2.16731 2.87828 0 
1.83996 -5.20082 1.88345 2.98508 0 
1.81436 -5.05158 1.5996 3.09188 0 
1.79316 -4.89998 1.82045 3.04391 0 
1.7401 -4.75893 2.0413 2.99595 0 
1.7069 -4.62013 1.56359 2.76734 0 
1.73846 -4.49259 1.08588 2.53872 0 
1.81764 -4.40232 0.608177 2.31011 0 
1.91889 -4.36264 0.130469 2.0815 0 
2.01484 -4.33944 0.347809 1.87496 0 
2.09428 -4.30063 0.565149 1.66841 0 
2.15543 -4.25205 0.782488 1.46187 0 
2.19819 -4.19943 0.999828 1.25532 0 
2.21645 -4.14981 1.46393 0.878394 0 
2.21313 -4.10915 1.84939 0.763694 0 
2.20416 -4.06618 1.71004 0.993473 0 
2.20044 -4.01093 1.57069 1.22325 0 
2.20524 -3.94425 1.43134 1.45303 0 
2.22163 -3.86766 1.29199 1.68281 0 
2.25242 -3.78329 1.15264 1.91259 0 
2.28855 -3.70261 1.14679 1.62329 0 
2.31916 -3.63531 1.14094 1.334 0 
2.34067 -3.56735 1.3821 1.52416 0 
2.34598 -3.48676 1.62325 1.71431 0 
2.33025 -3.39789 1.86441 1.90447 0 
2.28994 -3.30667 2.10557 2.09463 0 
2.22322 -3.22019 2.34673 2.28479 0 
2.13038 -3.14623 2.58789 2.47495 0 
2.03977 -3.06823 2.27053 2.32728 0 
1.98182 -2.97215 1.95317 2.17961 0 
1.95837 -2.86996 1.63581 2.03194 0 
1.96729 -2.77288 1.31846 1.88427 0 
1.97729 -2.68174 1.60705 1.7957 0 
1.96172 -2.59588 1.89564 1.70712 0 
1.92435 -2.52193 2.18423 1.61854 0 
1.87052 -2.46487 2.47283 1.52996 0 
1.8065 -2.42771 2.76142 1.44139 0 
1.73884 -2.41134 3.05001 1.35281 0 
1.67372 -2.41467 -2.94458 1.26423 0 
1.61641 -2.43492 -2.65599 1.17565 0 
1.57079 -2.46804 -2.3674 1.08708 0 
1.53917 -2.50926 -2.0788 0.9985 0 
1.5152 -2.55267 -2.07181 0.984698 0 
1.49187 -2.59563 -2.06481 0.970896 0 
1.46916 -2.63815 -2.05781 0.957093 0 
1.45689 -2.682 -1.62348 0.878808 0 
1.46357 -2.72311 -1.18915 0.800523 0 
1.48474 -2.75439 -0.754822 0.722238 0 
1.51378 -2.77187 -0.320492 0.643953 0 
1.54361 -2.7751 0.113837 0.565668 0 
1.56835 -2.76675 0.548167 0.487382 0 
1.58486 -2.76065 0.103293 0.222147 0 
1.58933 -2.7607 -0.341581 -0.0430895 0 
1.58223 -2.75562 -0.786454 -0.308325 0 
1.57099 -2.73686 -1.23133 -0.573561 0 
1.56739 -2.70202 -1.6762 -0.838797 0 
1.58336 -2.65658 -2.12108 -1.10403 0 
1.62652 -2.61301 -2.56595 -1.36927 0 
1.68325 -2.58101 -2.69214 -1.23776 0 
1.73747 -2.55888 -2.81833 -1.10625 0 
1.78769 -2.54543 -2.94452 -0.974748 0 
1.8327 -2.5393 -3.07071 -0.84324 0 
1.87154 -2.53893 3.08628 -0.711733 0 
1.9036 -2.54267 2.96009 -0.580226 0 
1.92856 -2.54883 2.8339 -0.448719 0 
1.94642 -2.5557 2.70771 -0.317212 0 
1.95207 -2.55887 2.40814 0.0580268 0 
1.94466 -2.54911 2.10858 0.433265 0 
1.93339 -2.52031 1.80901 0.808504 0 
1.92948 -2.47084 1.50945 1.18374 0 
1.94425 -2.40414 1.20988 1.55898 0 
1.98718 -2.32847 0.910318 1.93422 0 
2.06408 -2.25595 0.610753 2.30946 0 
2.15621 -2.18528 0.697767 2.33648 0 
2.24284 -2.10596 0.784781 2.3635 0 
2.32317 -2.01841 0.871795 2.39052 0 
2.41624 -1.92523 0.705348 2.8838 0 
2.51558 -1.82762 0.849579 2.69193 0 
2.59407 -1.72437 0.99381 2.50007 0 
2.65226 -1.61931 1.13804 2.3082 0 
2.69137 -1.51594 1.28227 2.11634 0 
2.71315 -1.41739 1.4265 1.92447 0 
2.71986 -1.32629 1.57074 1.7326 0 
2.71408 -1.24473 1.71497 1.54074 0 
2.69871 -1.17421 1.8592 1.34887 0 
2.67673 -1.1156 2.00343 1.15701 0 
2.64141 -1.05555 2.19083 1.63375 0 
2.57994 -0.985136 2.37822 2.1105 0 
2.48777 -0.912634 2.56562 2.58724 0 
2.39503 -0.834924 2.31714 2.2649 0 
2.33362 -0.749857 2.06866 1.94256 0 
2.27692 -0.662093 2.21661 2.24075 0 
2.19808 -0.572445 2.36457 2.53893 0 
2.12411 -0.468418 2.01449 2.59303 0 
2.08959 -0.342736 1.6644 2.64712 0 
2.10049 -0.210157 1.31432 2.70121 0 
2.13628 -0.0777112 1.29951 2.78668 0 
2.1752 0.0582977 1.28469 2.87214 0 
2.21737 0.197805 1.26987 2.9576 0 
2.26185 0.337946 1.2571 2.92357 0 
2.2793 0.481808 1.64337 2.90929 0 
2.24145 0.62096 2.02964 2.89501 0 
2.1544 0.735039 2.4159 2.88073 0 
2.07276 0.853306 1.93535 2.92352 0 
2.05476 0.998025 1.4548 2.96631 0 
2.05512 1.13794 1.68616 2.64281 0 
2.04488 1.25895 1.62242 2.21562 0 
2.04279 1.35901 1.55868 1.78842 0 
2.04614 1.43767 1.49494 1.36122 0 
2.05219 1.49472 1.4312 0.934029 0 
2.05822 1.53022 1.36746 0.506833 0 
2.06153 1.54451 1.30371 0.0796379 0 
2.05945 1.53814 1.23997 -0.347558 0 
2.04939 1.51195 1.17623 -0.774753 0 
2.03911 1.48384 1.27389 -0.423099 0 
2.03594 1.47189 1.37154 -0.0714459 0 
2.03658 1.47707 1.4692 0.280208 0 
2.03764 1.49984 1.56685 0.631861 0 
2.03568 1.54016 1.66451 0.983515 0 
2.02731 1.5975 1.76216 1.33517 0 
2.00921 1.67082 1.85982 1.68682 0 
1.97821 1.7586 1.95747 2.03848 0 
1.92664 1.84153 2.3013 1.88738 0 
1.8815 1.92624 1.82369 1.9887 0 
1.86386 2.02655 1.66723 2.08932 0 
1.86198 2.13341 1.51077 2.18993 0 
1.87747 2.24423 1.3543 2.29055 0 
1.9115 2.35609 1.19784 2.39116 0 
1.96473 2.46581 1.04137 2.49178 0 
2.03728 2.57001 0.884911 2.59239 0 
2.12866 2.66527 0.728447 2.693 0 
2.23776 2.74817 0.571983 2.79362 0 
2.36288 2.81543 0.415519 2.89423 0 
2.48694 2.89413 0.713187 3.00412 0 
2.5793 3.00606 1.05203 2.82825 0 
2.6262 3.1341 1.39088 2.65239 0 
2.62779 3.2617 1.72972 2.47653 0 
2.5897 3.37429 2.06857 2.30067 0 
2.55457 3.48773 1.67843 2.48 0 
2.56601 3.61489 1.28828 2.65933 0 
2.59578 3.74647 1.40762 2.7402 0 
2.6101 3.88468 1.52696 2.82107 0 
2.6078 4.02765 1.6463 2.90194 0 
2.59794 4.16989 1.63362 2.80126 0 
2.59017 4.30722 1.62094 2.70058 0 
2.58436 4.4396 1.60826 2.5999 0 
2.58039 4.56702 1.59558 2.49922 0 
2.57812 4.68944 1.5829 2.39854 0 
2.59708 4.80284 1.22291 2.22525 0 
2.65043 4.89484 0.862917 2.05195 0 
2.7111 4.97861 1.02455 2.08989 0 
2.75835 5.07275 1.18618 2.12784 0 
2.7904 5.17507 1.34781 2.16578 0 
2.83009 5.27588 1.04411 2.18437 0 
2.89868 5.36092 0.740421 2.20295 0 
2.99034 5.42208 0.436728 2.22154 0 
3.09698 5.45328 0.133035 2.24012 0 
3.209 5.45115 -0.170658 2.2587 0 
3.31613 5.41532 -0.474351 2.27729 0 
3.43083 5.37638 -0.186445 2.58457 0 
3.56716 5.37095 0.101461 2.89186 0 
3.70724 5.36962 -0.122615 2.72338 0 
3.83156 5.37506 0.220237 2.27855 0 
3.92636 5.41353 0.563089 1.83372 0 
3.98628 5.46679 0.905942 1.38889 0 
4.01433 5.51761 1.24879 0.94406 0 
4.02377 5.56034 1.46354 0.809642 0 
4.02389 5.59739 1.67828 0.675225 0 
4.01753 5.62706 1.89303 0.540807 0 
4.0078 5.64859 2.10777 0.406389 0 
3.99773 5.6622 2.32251 0.271972 0 
3.98846 5.67269 2.26748 0.288058 0 
3.97928 5.6843 2.21245 0.304144 0 
3.97028 5.69706 2.15742 0.32023 0 
3.96158 5.71097 2.10238 0.336316 0 
3.95327 5.72605 2.04735 0.352402 0 
3.94545 5.74228 1.99232 0.368488 0 
3.93823 5.75967 1.93729 0.384574 0 
3.93171 5.77818 1.88226 0.40066 0 
3.92598 5.79779 1.82722 0.416746 0 
3.92117 5.81848 1.77219 0.432832 0 
3.92086 5.84741 1.4209 0.73051 0 
3.93526 5.88872 1.06961 1.02819 0 
3.97227 5.93409 0.718315 1.32586 0 
4.03531 5.9716 0.367023 1.62354 0 
4.12195 5.98794 0.0157311 1.92122 0 
4.20584 6.00302 0.353529 1.50448 0 
4.26203 6.03469 0.691326 1.08773 0 
4.30911 6.05785 0.218471 1.03073 0 
4.35875 6.05707 -0.254385 0.973728 0 
4.4001 6.0351 -0.72724 0.916725 0 
4.42529 5.99902 -1.2001 0.859723 0 
4.45453 5.95602 -0.773053 1.23613 0 
4.51478 5.91907 -0.34601 1.61254 0 
4.60344 5.90792 0.0810323 1.98895 0 
4.70663 5.93993 0.508075 2.36535 0 
4.80264 5.99474 0.529994 2.05689 0 
4.8842 6.0437 0.551913 1.74842 0 
4.95163 6.08621 0.573832 1.43995 0 
5.00973 6.10745 0.102749 1.05759 0 
5.05238 6.10251 -0.368334 0.67522 0 
5.07254 6.0895 -0.839416 0.292854 0 
5.07559 6.08543 -1.3105 -0.0895122 0 
5.07599 6.09935 -1.78158 -0.471878 0 
5.09084 6.12866 -2.25266 -0.854245 0 
5.13242 6.15955 -2.72375 -1.23661 0 
5.20211 6.17163 3.08836 -1.61898 0 
5.28786 6.14538 2.61727 -2.00134 0 
5.36609 6.07002 2.14619 -2.38371 0 
5.44298 5.99727 2.64041 -1.8937 0 
5.5217 5.97579 3.13462 -1.40369 0 
5.57764 5.98845 -2.65434 -0.913676 0 
5.60288 6.00989 -2.16013 -0.423664 0 
5.60679 6.01788 -1.66591 0.0663472 0 
5.61012 6.0028 -1.17169 0.556359 0 
5.6348 5.97174 -0.677474 1.04637 0 
5.6933 5.94599 -0.183257 1.53638 0 
5.78123 5.95261 0.31096 2.02639 0 
5.87207 5.96434 -0.066831 1.65933 0 
5.94318 5.94634 -0.444622 1.29227 0 
5.98794 5.91418 -0.822413 0.925213 0 
6.00799 5.88324 -1.2002 0.558153 0 
6.01192 5.86503 -1.578 0.191093 0 
6.01241 5.86455 -1.95579 -0.175967 0 
6.0226 5.87924 -2.33358 -0.543027 0 
6.05234 5.89973 -2.71137 -0.910087 0 
6.10526 5.91216 -3.08916 -1.27715 0 
6.17711 5.90172 2.81623 -1.64421 0 
6.24537 5.86068 2.38094 -1.56693 0 
6.28782 5.79787 1.94564 -1.48965 0 
6.29923 5.7268 1.51035 -1.41237 0 
6.28065 5.66124 1.07505 -1.33509 0 
6.23867 5.61251 0.639759 -1.25781 0 
6.18356 5.58761 0.204464 -1.18053 0 
6.12692 5.58822 -0.23083 -1.10324 0 
6.07927 5.61099 -0.666125 -1.02596 0 
6.0481 5.64877 -1.10142 -0.948684 0 
6.01496 5.69623 -0.837245 -1.37341 0 
5.95446 5.74712 -0.573069 -1.79813 0 
5.8705 5.7784 -0.140941 -1.81353 0 
5.78041 5.77159 0.291187 -1.82893 0 
5.70077 5.7273 0.723315 -1.84434 0 
5.64656 5.65312 1.15544 -1.85974 0 
5.62824 5.5623 1.58757 -1.87514 0 
5.64405 5.46622 1.87625 -2.03352 0 
5.68999 5.3715 2.16492 -2.19189 0 
5.76631 5.28794 2.4536 -2.35027 0 
5.87 5.22549 2.74228 -2.50865 0 
5.99483 5.19315 3.03095 -2.66703 0 
6.13158 5.19795 -2.96356 -2.82541 0 
6.26879 5.24399 -2.67488 -2.98378 0 
6.37395 5.33064 -2.21686 -2.51455 0 
6.44751 5.41738 -2.33553 -2.03736 0 
6.51331 5.47861 -2.4542 -1.56018 0 
6.56661 5.5176 -2.57287 -1.08299 0 
6.61364 5.54997 -2.50576 -1.20094 0 
6.66301 5.58908 -2.43864 -1.31889 0 
6.71402 5.63537 -2.37153 -1.43684 0 
6.76589 5.68922 -2.30442 -1.55479 0 
6.81784 5.75094 -2.2373 -1.67275 0 
6.86903 5.82076 -2.17019 -1.7907 0 
6.91857 5.89883 -2.10308 -1.90865 0 
6.96559 5.98523 -2.03596 -2.0266 0 
7.00918 6.07994 -1.96885 -2.14455 0 
7.07148 6.17618 -2.3139 -2.46389 0 
7.17526 6.25534 -2.65895 -2.78324 0 
7.27403 6.34186 -2.17752 -2.5199 0 
7.35628 6.42109 -2.58532 -2.08008 0 
7.44272 6.45367 -2.99313 -1.64026 0 
7.51318 6.4505 2.88225 -1.20044 0 
7.55706 6.42941 2.47445 -0.760619 0 
7.57493 6.40935 2.06664 -0.320798 0 
7.57708 6.40477 1.65884 0.119023 0 
7.57976 6.4214 1.25103 0.558844 0 
7.59975 6.45451 0.843226 0.998666 0 
7.64875 6.49002 0.435421 1.43849 0 
7.70641 6.52963 0.771027 1.3731 0 
7.74589 6.5834 1.10663 1.30772 0 
7.76451 6.64406 1.44224 1.24234 0 
7.76629 6.69383 1.64437 0.752928 0 
7.76229 6.71888 1.8465 0.263518 0 
7.76232 6.7199 2.04864 -0.225892 0 
7.77552 6.70047 2.25077 -0.715302 0 
7.79039 6.6754 1.93853 -0.455355 0 
7.79413 6.65963 1.62629 -0.195408 0 
7.79413 6.65635 1.31404 0.0645387 0 
7.79833 6.66509 1.0018 0.324485 0 
7.8087 6.68289 1.07936 0.499659 0 
7.82149 6.70931 1.15691 0.674833 0 
7.8354 6.74479 1.23447 0.850007 0 
7.84908 6.78962 1.31203 1.02518 0 
7.86117 6.84391 1.38958 1.20036 0 
7.86164 6.91409 1.72196 1.61962 0 
7.83268 7.0004 2.05434 2.03889 0 
7.76452 7.08916 2.38672 2.45815 0 
7.65377 7.16241 2.7191 2.87742 0 
7.53619 7.23206 2.49068 2.60106 0 
7.45984 7.32078 2.05715 2.11759 0 
7.43422 7.41025 1.62362 1.63412 0 
7.44464 7.47854 1.1901 1.15065 0 
7.46928 7.51631 0.756567 0.667185 0 
7.48694 7.5279 0.323039 0.183716 0 
7.48399 7.52846 -0.11049 -0.299753 0 
7.45883 7.53792 -0.544018 -0.783222 0 
7.4226 7.57361 -0.977546 -1.26669 0 
7.3959 7.64352 -1.41107 -1.75016 0 
7.38224 7.74134 -1.45157 -2.20081 0 
7.37033 7.86205 -1.49207 -2.65146 0 
7.36767 7.9976 -1.60938 -2.77461 0 
7.38149 8.13865 -1.7267 -2.89776 0 
7.41304 8.28313 -1.84402 -3.02091 0 
7.45461 8.42335 -1.87445 -2.82956 0 
7.50942 8.54714 -2.10403 -2.59757 0 
7.5542 8.66933 -1.74093 -2.63651 0 
7.58447 8.79715 -1.86588 -2.6213 0 
7.63017 8.91949 -1.99084 -2.60609 0 
7.69041 9.03451 -2.11579 -2.59087 0 
7.76408 9.1405 -2.24074 -2.57566 0 
7.84988 9.23592 -2.36569 -2.56045 0 
7.94632 9.31941 -2.49064 -2.54523 0 
8.05179 9.3898 -2.61559 -2.53002 0 
8.16452 9.44616 -2.74054 -2.5148 0 
8.28008 9.50685 -2.57748 -2.71207 0 
8.39212 9.59143 -2.41442 -2.90934 0 
8.49575 9.7002 -2.25136 -3.10661 0 
8.60537 9.80271 -2.53096 -2.9162 0 
8.73056 9.86668 -2.81057 -2.7258 0 
8.85923 9.89182 -3.09017 -2.5354 0 
8.98039 9.8813 2.91341 -2.34499 0 
9.08509 9.84117 2.6338 -2.15459 0 
9.16708 9.77943 2.3542 -1.96419 0 
9.22315 9.70506 2.07459 -1.77379 0 
9.25314 9.62696 1.79499 -1.58338 0 
9.25961 9.55308 1.51538 -1.39298 0 
9.25473 9.4803 1.49261 -1.5248 0 
9.2476 9.40108 1.46985 -1.65662 0 
9.23793 9.3155 1.44708 -1.78844 0 
9.21843 9.22901 1.25041 -1.76366 0 
9.1829 9.14914 1.05375 -1.73887 0 
9.13317 9.07875 0.857082 -1.71409 0 
9.07153 9.02029 0.660417 -1.6893 0 
9.00071 8.97566 0.463753 -1.66452 0 
8.92554 8.92109 0.780652 -2.06695 0 
8.85927 8.82963 1.09755 -2.46939 0 
8.82257 8.72492 1.38001 -1.98353 0 
8.8177 8.63832 1.66247 -1.49766 0 
8.83158 8.57735 1.94492 -1.0118 0 
8.84997 8.54373 2.22738 -0.525929 0 
8.85966 8.53347 2.50984 -0.0400624 0 
8.85048 8.53773 2.7923 0.445804 0 
8.81678 8.54426 3.07476 0.93167 0 
8.75844 8.53934 -2.92597 1.41754 0 
8.68111 8.5099 -2.64351 1.9034 0 
8.59367 8.48685 -3.13108 1.74978 0 
8.49879 8.47919 -2.99463 2.06058 0 
8.39067 8.45538 -2.85819 2.37137 0 
8.2727 8.4508 2.93671 2.39807 0 
8.16518 8.50266 2.44842 2.42477 0 
8.09378 8.59998 1.96013 2.45147 0 
8.07618 8.72072 1.47183 2.47817 0 
8.11773 8.83686 0.983543 2.50487 0 
8.17342 8.96025 1.30174 2.93321 0 
8.20007 9.0939 1.44987 2.52304 0 
8.20046 9.21378 1.68916 2.28355 0 
8.17525 9.31872 1.92846 2.04406 0 
8.13136 9.40409 2.16776 1.80457 0 
8.07634 9.46762 2.40705 1.56508 0 
8.01759 9.5094 2.64635 1.32559 0 
7.96419 9.55022 2.33359 1.3741 0 
7.92455 9.60747 2.02084 1.42261 0 
7.90376 9.67645 1.70808 1.47113 0 
7.88912 9.73966 1.89707 1.12791 0 
7.86986 9.78335 2.08606 0.784698 0 
7.85067 9.80499 2.5618 0.382789 0 
7.84245 9.80875 3.03754 -0.0191207 0 
7.85314 9.81099 -2.76991 -0.42103 0 
7.87795 9.82928 -2.29417 -0.822939 0 
7.91049 9.85279 -2.7402 -0.796423 0 
7.9487 9.85973 3.09695 -0.769906 0 
7.9849 9.84985 2.65092 -0.74339 0 
8.0123 9.82619 2.20488 -0.716873 0 
8.02629 9.79422 1.75885 -0.690357 0 
8.02516 9.76067 1.31281 -0.66384 0 
8.01028 9.73205 0.86678 -0.637324 0 
7.9935 9.70282 1.22523 -0.718038 0 
7.98737 9.6656 1.58367 -0.798753 0 
7.99546 9.62466 1.94212 -0.879467 0 
8.01949 9.58574 2.30057 -0.960182 0 
8.05882 9.55525 2.65901 -1.0409 0 
8.11017 9.5393 3.01746 -1.12161 0 
8.16787 9.54261 -2.90728 -1.20232 0 
8.22934 9.55515 -2.97247 -1.30778 0 
8.29673 9.56438 -3.03765 -1.41323 0 
8.36983 9.56957 -3.10284 -1.51868 0 
8.44838 9.57003 3.11516 -1.62413 0 
8.53206 9.56506 3.04997 -1.72958 0 
8.62047 9.55399 2.98479 -1.83503 0 
8.70823 9.53118 2.78919 -1.79765 0 
8.7882 9.49256 2.59359 -1.76027 0 
8.85765 9.44026 2.39799 -1.72289 0 
8.91437 9.37685 2.20238 -1.68551 0 
8.95673 9.30524 2.00678 -1.64813 0 
8.98374 9.22851 1.81118 -1.61075 0 
8.99507 9.14985 1.61558 -1.57337 0 
8.99099 9.07234 1.41998 -1.53599 0 
8.97624 9.00717 1.26895 -1.13924 0 
8.95915 8.96339 1.11791 -0.742491 0 
8.94566 8.93979 0.966876 -0.34574 0 
8.94123 8.93391 0.815841 0.0510105 0 
8.9506 8.94213 0.664806 0.447761 0 
8.97757 8.95986 0.513771 0.844512 0 
9.007 8.97989 0.692462 0.581666 0 
9.02309 8.99559 0.871154 0.31882 0 
9.02696 9.0018 1.33695 -0.0250609 0 

